error	steps
606659698.0	0.0
595516384.0	1.0
581145726.0	2.0
573154653.0	3.0
560264903.0	4.0
546399356.0	5.0
535204558.0	6.0
523331639.0	7.0
507378826.0	8.0
498131112.0	9.0
490933326.0	10.0
490933326.0	11.0
482730825.0	12.0
471834251.0	13.0
455571408.0	14.0
450624009.0	15.0
442636215.0	16.0
438439219.0	17.0
432062902.0	18.0
429684637.0	19.0
425624383.0	20.0
412780656.0	21.0
411570549.0	22.0
405784959.0	23.0
390373339.0	24.0
384242674.0	25.0
376798231.0	26.0
375933830.0	27.0
371785208.0	28.0
370007294.0	29.0
364088407.0	30.0
354715343.0	31.0
347636615.0	32.0
342072457.0	33.0
338453613.0	34.0
336298025.0	35.0
332035547.0	36.0
331923162.0	37.0
331923162.0	38.0
329013844.0	39.0
323593324.0	40.0
323593324.0	41.0
320781283.0	42.0
320781283.0	43.0
320781283.0	44.0
320387735.0	45.0
320307533.0	46.0
319757096.0	47.0
319693780.0	48.0
319693780.0	49.0
318591981.0	50.0
316330708.0	51.0
315140336.0	52.0
312302731.0	53.0
311408983.0	54.0
310649017.0	55.0
306921952.0	56.0
306921952.0	57.0
304728783.0	58.0
304690233.0	59.0
304690233.0	60.0
304392806.0	61.0
299474304.0	62.0
298665028.0	63.0
297385608.0	64.0
296476831.0	65.0
296476831.0	66.0
296476831.0	67.0
291800921.0	68.0
291800921.0	69.0
288571989.0	70.0
288571989.0	71.0
288571989.0	72.0
288571989.0	73.0
288571989.0	74.0
288571989.0	75.0
288571989.0	76.0
288571989.0	77.0
287076772.0	78.0
287076772.0	79.0
287076772.0	80.0
287024918.0	81.0
287024918.0	82.0
287024918.0	83.0
287024918.0	84.0
286951336.0	85.0
286951336.0	86.0
286951336.0	87.0
286951336.0	88.0
286951336.0	89.0
285938214.0	90.0
285449288.0	91.0
285449288.0	92.0
285449288.0	93.0
285449288.0	94.0
285184288.0	95.0
285141113.0	96.0
285141113.0	97.0
285141113.0	98.0
285141113.0	99.0
281007154.0	100.0
281007154.0	101.0
281007154.0	102.0
281007154.0	103.0
281007154.0	104.0
280500577.0	105.0
280500577.0	106.0
280500577.0	107.0
280500577.0	108.0
280134492.0	109.0
279770521.0	110.0
279770521.0	111.0
279770521.0	112.0
279770521.0	113.0
279770521.0	114.0
279770521.0	115.0
279770521.0	116.0
279770521.0	117.0
279770521.0	118.0
278386523.0	119.0
278386523.0	120.0
278386523.0	121.0
278386523.0	122.0
278386523.0	123.0
278386523.0	124.0
278386523.0	125.0
278386523.0	126.0
278386523.0	127.0
278386523.0	128.0
278386523.0	129.0
277783707.0	130.0
277783707.0	131.0
277783707.0	132.0
277783707.0	133.0
277783707.0	134.0
277783707.0	135.0
277783707.0	136.0
277783707.0	137.0
277783707.0	138.0
277371755.0	139.0
276881048.0	140.0
276881048.0	141.0
276881048.0	142.0
276881048.0	143.0
276881048.0	144.0
276618640.0	145.0
276182909.0	146.0
276182909.0	147.0
276182909.0	148.0
276182909.0	149.0
275535317.0	150.0
275535317.0	151.0
275535317.0	152.0
275535317.0	153.0
275535317.0	154.0
275535317.0	155.0
275535317.0	156.0
275535317.0	157.0
275535317.0	158.0
275535317.0	159.0
275535317.0	160.0
275535317.0	161.0
275535317.0	162.0
275535317.0	163.0
275535317.0	164.0
275535317.0	165.0
275535317.0	166.0
275496088.0	167.0
275496088.0	168.0
275496088.0	169.0
275496088.0	170.0
275496088.0	171.0
275496088.0	172.0
275496088.0	173.0
275496088.0	174.0
275496088.0	175.0
275496088.0	176.0
275496088.0	177.0
275496088.0	178.0
275496088.0	179.0
275496088.0	180.0
275272502.0	181.0
275272502.0	182.0
275272502.0	183.0
275272502.0	184.0
275272502.0	185.0
275272502.0	186.0
275272502.0	187.0
275272502.0	188.0
275068332.0	189.0
275068332.0	190.0
275068332.0	191.0
275068332.0	192.0
275068332.0	193.0
275068332.0	194.0
275068332.0	195.0
275068332.0	196.0
275068332.0	197.0
275068332.0	198.0
275068332.0	199.0
275068332.0	200.0
275068332.0	201.0
275068332.0	202.0
275068332.0	203.0
275068332.0	204.0
275068332.0	205.0
275068332.0	206.0
275068332.0	207.0
275068332.0	208.0
275068332.0	209.0
275068332.0	210.0
275068332.0	211.0
275068332.0	212.0
275068332.0	213.0
275068332.0	214.0
275068332.0	215.0
275068332.0	216.0
275068332.0	217.0
275068332.0	218.0
275068332.0	219.0
275068332.0	220.0
275068332.0	221.0
275068332.0	222.0
274138263.0	223.0
274138263.0	224.0
274138263.0	225.0
274138263.0	226.0
274138263.0	227.0
274138263.0	228.0
274138263.0	229.0
274138263.0	230.0
274138263.0	231.0
274138263.0	232.0
274138263.0	233.0
274138263.0	234.0
274138263.0	235.0
274138263.0	236.0
274138263.0	237.0
274138263.0	238.0
274138263.0	239.0
274138263.0	240.0
274138263.0	241.0
274138263.0	242.0
274138263.0	243.0
274138263.0	244.0
274138263.0	245.0
274138263.0	246.0
274138263.0	247.0
274138263.0	248.0
274138263.0	249.0
274138263.0	250.0
274138263.0	251.0
274138263.0	252.0
274138263.0	253.0
274138263.0	254.0
274138263.0	255.0
274138263.0	256.0
274138263.0	257.0
274138263.0	258.0
274138263.0	259.0
274138263.0	260.0
274138263.0	261.0
274138263.0	262.0
274138263.0	263.0
274138263.0	264.0
274138263.0	265.0
274138263.0	266.0
274138263.0	267.0
274138263.0	268.0
274138263.0	269.0
274138263.0	270.0
274138263.0	271.0
274138263.0	272.0
274138263.0	273.0
274138263.0	274.0
274138263.0	275.0
274138263.0	276.0
274138263.0	277.0
274138263.0	278.0
274138263.0	279.0
274138263.0	280.0
274138263.0	281.0
274138263.0	282.0
274138263.0	283.0
274138263.0	284.0
274138263.0	285.0
274138263.0	286.0
274138263.0	287.0
274138263.0	288.0
274138263.0	289.0
274138263.0	290.0
274138263.0	291.0
274138263.0	292.0
274138263.0	293.0
274138263.0	294.0
274138263.0	295.0
274138263.0	296.0
274138263.0	297.0
274138263.0	298.0
274138263.0	299.0
274138263.0	300.0
274138263.0	301.0
274138263.0	302.0
274138263.0	303.0
274138263.0	304.0
274138263.0	305.0
274138263.0	306.0
274138263.0	307.0
274138263.0	308.0
274138263.0	309.0
274138263.0	310.0
274138263.0	311.0
274138263.0	312.0
274138263.0	313.0
274138263.0	314.0
274138263.0	315.0
274138263.0	316.0
274138263.0	317.0
274138263.0	318.0
274138263.0	319.0
274138263.0	320.0
274138263.0	321.0
274138263.0	322.0
274138263.0	323.0
274138263.0	324.0
274138263.0	325.0
274138263.0	326.0
274138263.0	327.0
274138263.0	328.0
274138263.0	329.0
274138263.0	330.0
274138263.0	331.0
274138263.0	332.0
274138263.0	333.0
274138263.0	334.0
274138263.0	335.0
274138263.0	336.0
274138263.0	337.0
274138263.0	338.0
274138263.0	339.0
274138263.0	340.0
274138263.0	341.0
274138263.0	342.0
274138263.0	343.0
274138263.0	344.0
274138263.0	345.0
274138263.0	346.0
274138263.0	347.0
274138263.0	348.0
274138263.0	349.0
274138263.0	350.0
274138263.0	351.0
274138263.0	352.0
274138263.0	353.0
274138263.0	354.0
274138263.0	355.0
274138263.0	356.0
274138263.0	357.0
274138263.0	358.0
274138263.0	359.0
274138263.0	360.0
274138263.0	361.0
274138263.0	362.0
274138263.0	363.0
274138263.0	364.0
274138263.0	365.0
274138263.0	366.0
274138263.0	367.0
274138263.0	368.0
274138263.0	369.0
274138263.0	370.0
274138263.0	371.0
274138263.0	372.0
274138263.0	373.0
274138263.0	374.0
274138263.0	375.0
274138263.0	376.0
274138263.0	377.0
274138263.0	378.0
274138263.0	379.0
274138263.0	380.0
274138263.0	381.0
274138263.0	382.0
274138263.0	383.0
274138263.0	384.0
274138263.0	385.0
274138263.0	386.0
274138263.0	387.0
274138263.0	388.0
274138263.0	389.0
274138263.0	390.0
274138263.0	391.0
274138263.0	392.0
274138263.0	393.0
274138263.0	394.0
274138263.0	395.0
274138263.0	396.0
274138263.0	397.0
274138263.0	398.0
274138263.0	399.0
274138263.0	400.0
274138263.0	401.0
274138263.0	402.0
274138263.0	403.0
274138263.0	404.0
274138263.0	405.0
274138263.0	406.0
274138263.0	407.0
274138263.0	408.0
274138263.0	409.0
274138263.0	410.0
274138263.0	411.0
274138263.0	412.0
274138263.0	413.0
274138263.0	414.0
274138263.0	415.0
274138263.0	416.0
274138263.0	417.0
274138263.0	418.0
274138263.0	419.0
274138263.0	420.0
274138263.0	421.0
274138263.0	422.0
274138263.0	423.0
274138263.0	424.0
274138263.0	425.0
274138263.0	426.0
274138263.0	427.0
274138263.0	428.0
274138263.0	429.0
274138263.0	430.0
274138263.0	431.0
274138263.0	432.0
274138263.0	433.0
274138263.0	434.0
274138263.0	435.0
274138263.0	436.0
274138263.0	437.0
274138263.0	438.0
274138263.0	439.0
274138263.0	440.0
274138263.0	441.0
274138263.0	442.0
274138263.0	443.0
274138263.0	444.0
274138263.0	445.0
274138263.0	446.0
274138263.0	447.0
274138263.0	448.0
274138263.0	449.0
274138263.0	450.0
274138263.0	451.0
274138263.0	452.0
274138263.0	453.0
274138263.0	454.0
274138263.0	455.0
274138263.0	456.0
274138263.0	457.0
274138263.0	458.0
274138263.0	459.0
274138263.0	460.0
274138263.0	461.0
274138263.0	462.0
274138263.0	463.0
274138263.0	464.0
274138263.0	465.0
274138263.0	466.0
274138263.0	467.0
274138263.0	468.0
274138263.0	469.0
274138263.0	470.0
274138263.0	471.0
274138263.0	472.0
274138263.0	473.0
274138263.0	474.0
274138263.0	475.0
274138263.0	476.0
274138263.0	477.0
274138263.0	478.0
274138263.0	479.0
274138263.0	480.0
274138263.0	481.0
274138263.0	482.0
274138263.0	483.0
274138263.0	484.0
274138263.0	485.0
274138263.0	486.0
274138263.0	487.0
274138263.0	488.0
274138263.0	489.0
274138263.0	490.0
274138263.0	491.0
274138263.0	492.0
274138263.0	493.0
274138263.0	494.0
274138263.0	495.0
274138263.0	496.0
274138263.0	497.0
274138263.0	498.0
274138263.0	499.0
274138263.0	500.0
274138263.0	501.0
274138263.0	502.0
274138263.0	503.0
274138263.0	504.0
274138263.0	505.0
274138263.0	506.0
274138263.0	507.0
274138263.0	508.0
274138263.0	509.0
274138263.0	510.0
274138263.0	511.0
274138263.0	512.0
274138263.0	513.0
274138263.0	514.0
274138263.0	515.0
274138263.0	516.0
274138263.0	517.0
274138263.0	518.0
274138263.0	519.0
274138263.0	520.0
274138263.0	521.0
274138263.0	522.0
274138263.0	523.0
274138263.0	524.0
274138263.0	525.0
274138263.0	526.0
274138263.0	527.0
274138263.0	528.0
274138263.0	529.0
274138263.0	530.0
274138263.0	531.0
274138263.0	532.0
274138263.0	533.0
274138263.0	534.0
274138263.0	535.0
274138263.0	536.0
274138263.0	537.0
274138263.0	538.0
274138263.0	539.0
274138263.0	540.0
274138263.0	541.0
274138263.0	542.0
274138263.0	543.0
274138263.0	544.0
274138263.0	545.0
274138263.0	546.0
274138263.0	547.0
274138263.0	548.0
274138263.0	549.0
274138263.0	550.0
274138263.0	551.0
274138263.0	552.0
274138263.0	553.0
274138263.0	554.0
274138263.0	555.0
274138263.0	556.0
274138263.0	557.0
274138263.0	558.0
274138263.0	559.0
274138263.0	560.0
274138263.0	561.0
274138263.0	562.0
274138263.0	563.0
274138263.0	564.0
274138263.0	565.0
274138263.0	566.0
274138263.0	567.0
274138263.0	568.0
274138263.0	569.0
274138263.0	570.0
274138263.0	571.0
274138263.0	572.0
274138263.0	573.0
274138263.0	574.0
274138263.0	575.0
274138263.0	576.0
274138263.0	577.0
274138263.0	578.0
274138263.0	579.0
274138263.0	580.0
274138263.0	581.0
274138263.0	582.0
274138263.0	583.0
274138263.0	584.0
274138263.0	585.0
274138263.0	586.0
274138263.0	587.0
274138263.0	588.0
274138263.0	589.0
274138263.0	590.0
274138263.0	591.0
274138263.0	592.0
274138263.0	593.0
274138263.0	594.0
274138263.0	595.0
274138263.0	596.0
274138263.0	597.0
274138263.0	598.0
274138263.0	599.0
274138263.0	600.0
274138263.0	601.0
274138263.0	602.0
274138263.0	603.0
274138263.0	604.0
274138263.0	605.0
274138263.0	606.0
274138263.0	607.0
274138263.0	608.0
274138263.0	609.0
274138263.0	610.0
274138263.0	611.0
274138263.0	612.0
274138263.0	613.0
274138263.0	614.0
274138263.0	615.0
274138263.0	616.0
274138263.0	617.0
274138263.0	618.0
274138263.0	619.0
274138263.0	620.0
274138263.0	621.0
274138263.0	622.0
274138263.0	623.0
274138263.0	624.0
274138263.0	625.0
274138263.0	626.0
274138263.0	627.0
274138263.0	628.0
274138263.0	629.0
274138263.0	630.0
274138263.0	631.0
274138263.0	632.0
274138263.0	633.0
274138263.0	634.0
274138263.0	635.0
274138263.0	636.0
274138263.0	637.0
274138263.0	638.0
274138263.0	639.0
274138263.0	640.0
274138263.0	641.0
274138263.0	642.0
274138263.0	643.0
274138263.0	644.0
274138263.0	645.0
274138263.0	646.0
274138263.0	647.0
274138263.0	648.0
274138263.0	649.0
274138263.0	650.0
274138263.0	651.0
274138263.0	652.0
274138263.0	653.0
274138263.0	654.0
274138263.0	655.0
274138263.0	656.0
274138263.0	657.0
274138263.0	658.0
274138263.0	659.0
274138263.0	660.0
274138263.0	661.0
274138263.0	662.0
274138263.0	663.0
274138263.0	664.0
274138263.0	665.0
274138263.0	666.0
274138263.0	667.0
274138263.0	668.0
274138263.0	669.0
274138263.0	670.0
274138263.0	671.0
274138263.0	672.0
274138263.0	673.0
274138263.0	674.0
274138263.0	675.0
274138263.0	676.0
274138263.0	677.0
274138263.0	678.0
274138263.0	679.0
274138263.0	680.0
274138263.0	681.0
274138263.0	682.0
274138263.0	683.0
274138263.0	684.0
274138263.0	685.0
274138263.0	686.0
274138263.0	687.0
274138263.0	688.0
274138263.0	689.0
274138263.0	690.0
274138263.0	691.0
274138263.0	692.0
274138263.0	693.0
274138263.0	694.0
274138263.0	695.0
274138263.0	696.0
274138263.0	697.0
274138263.0	698.0
274138263.0	699.0
274138263.0	700.0
274138263.0	701.0
274138263.0	702.0
274138263.0	703.0
274138263.0	704.0
274138263.0	705.0
274138263.0	706.0
274138263.0	707.0
274138263.0	708.0
274138263.0	709.0
274138263.0	710.0
274138263.0	711.0
274138263.0	712.0
274138263.0	713.0
274138263.0	714.0
274138263.0	715.0
274138263.0	716.0
274138263.0	717.0
274138263.0	718.0
274138263.0	719.0
274138263.0	720.0
274138263.0	721.0
274138263.0	722.0
274138263.0	723.0
274138263.0	724.0
274138263.0	725.0
274138263.0	726.0
274138263.0	727.0
274138263.0	728.0
274138263.0	729.0
274138263.0	730.0
274138263.0	731.0
274138263.0	732.0
274138263.0	733.0
274138263.0	734.0
274138263.0	735.0
274138263.0	736.0
274138263.0	737.0
274138263.0	738.0
274138263.0	739.0
274138263.0	740.0
274138263.0	741.0
274138263.0	742.0
274138263.0	743.0
274138263.0	744.0
274138263.0	745.0
274138263.0	746.0
274138263.0	747.0
274138263.0	748.0
274138263.0	749.0
274138263.0	750.0
274138263.0	751.0
274138263.0	752.0
274138263.0	753.0
274138263.0	754.0
274138263.0	755.0
274138263.0	756.0
274138263.0	757.0
274138263.0	758.0
274138263.0	759.0
274138263.0	760.0
274138263.0	761.0
274138263.0	762.0
274138263.0	763.0
274138263.0	764.0
274138263.0	765.0
274138263.0	766.0
274138263.0	767.0
274138263.0	768.0
274138263.0	769.0
274138263.0	770.0
274138263.0	771.0
274138263.0	772.0
274138263.0	773.0
274138263.0	774.0
274138263.0	775.0
274138263.0	776.0
274138263.0	777.0
274138263.0	778.0
274138263.0	779.0
274138263.0	780.0
274138263.0	781.0
274138263.0	782.0
274138263.0	783.0
274138263.0	784.0
274138263.0	785.0
274138263.0	786.0
274138263.0	787.0
274138263.0	788.0
274138263.0	789.0
274138263.0	790.0
274138263.0	791.0
274138263.0	792.0
274138263.0	793.0
274138263.0	794.0
274138263.0	795.0
274138263.0	796.0
274138263.0	797.0
274138263.0	798.0
274138263.0	799.0
274138263.0	800.0
274138263.0	801.0
274138263.0	802.0
274138263.0	803.0
274138263.0	804.0
274138263.0	805.0
274138263.0	806.0
274138263.0	807.0
274138263.0	808.0
274138263.0	809.0
274138263.0	810.0
274138263.0	811.0
274138263.0	812.0
274138263.0	813.0
274138263.0	814.0
274138263.0	815.0
274138263.0	816.0
274138263.0	817.0
274138263.0	818.0
274138263.0	819.0
274138263.0	820.0
274138263.0	821.0
274138263.0	822.0
274138263.0	823.0
274138263.0	824.0
274138263.0	825.0
274138263.0	826.0
274138263.0	827.0
274138263.0	828.0
274138263.0	829.0
274138263.0	830.0
274138263.0	831.0
274138263.0	832.0
274138263.0	833.0
274138263.0	834.0
274138263.0	835.0
274138263.0	836.0
274138263.0	837.0
274138263.0	838.0
274138263.0	839.0
274138263.0	840.0
274138263.0	841.0
274138263.0	842.0
274138263.0	843.0
274138263.0	844.0
274138263.0	845.0
274138263.0	846.0
274138263.0	847.0
274138263.0	848.0
274138263.0	849.0
274138263.0	850.0
274138263.0	851.0
274138263.0	852.0
274138263.0	853.0
274138263.0	854.0
274138263.0	855.0
274138263.0	856.0
274138263.0	857.0
274138263.0	858.0
274138263.0	859.0
274138263.0	860.0
274138263.0	861.0
274138263.0	862.0
274138263.0	863.0
274138263.0	864.0
274138263.0	865.0
274138263.0	866.0
274138263.0	867.0
274138263.0	868.0
274138263.0	869.0
274138263.0	870.0
274138263.0	871.0
274138263.0	872.0
274138263.0	873.0
274138263.0	874.0
274138263.0	875.0
274138263.0	876.0
274138263.0	877.0
274138263.0	878.0
274138263.0	879.0
274138263.0	880.0
274138263.0	881.0
274138263.0	882.0
274138263.0	883.0
274138263.0	884.0
274138263.0	885.0
274138263.0	886.0
274138263.0	887.0
274138263.0	888.0
274138263.0	889.0
274138263.0	890.0
274138263.0	891.0
274138263.0	892.0
274138263.0	893.0
274138263.0	894.0
274138263.0	895.0
274138263.0	896.0
274138263.0	897.0
274138263.0	898.0
274138263.0	899.0
274138263.0	900.0
274138263.0	901.0
274138263.0	902.0
274138263.0	903.0
274138263.0	904.0
274138263.0	905.0
274138263.0	906.0
274138263.0	907.0
274138263.0	908.0
274138263.0	909.0
274138263.0	910.0
274138263.0	911.0
274138263.0	912.0
274138263.0	913.0
274138263.0	914.0
274138263.0	915.0
274138263.0	916.0
274138263.0	917.0
274138263.0	918.0
274138263.0	919.0
274138263.0	920.0
274138263.0	921.0
274138263.0	922.0
274138263.0	923.0
274138263.0	924.0
274138263.0	925.0
274138263.0	926.0
274138263.0	927.0
274138263.0	928.0
274138263.0	929.0
274138263.0	930.0
274138263.0	931.0
274138263.0	932.0
274138263.0	933.0
274138263.0	934.0
274138263.0	935.0
274138263.0	936.0
274138263.0	937.0
274138263.0	938.0
274138263.0	939.0
274138263.0	940.0
274138263.0	941.0
274138263.0	942.0
274138263.0	943.0
274138263.0	944.0
274138263.0	945.0
274138263.0	946.0
274138263.0	947.0
274138263.0	948.0
274138263.0	949.0
274138263.0	950.0
274138263.0	951.0
274138263.0	952.0
274138263.0	953.0
274138263.0	954.0
274138263.0	955.0
274138263.0	956.0
274138263.0	957.0
274138263.0	958.0
274138263.0	959.0
274138263.0	960.0
274138263.0	961.0
274138263.0	962.0
274138263.0	963.0
274138263.0	964.0
274138263.0	965.0
274138263.0	966.0
274138263.0	967.0
274138263.0	968.0
274138263.0	969.0
274138263.0	970.0
274138263.0	971.0
274138263.0	972.0
274138263.0	973.0
274138263.0	974.0
274138263.0	975.0
274138263.0	976.0
274138263.0	977.0
274138263.0	978.0
274138263.0	979.0
274138263.0	980.0
274138263.0	981.0
274138263.0	982.0
274138263.0	983.0
274138263.0	984.0
274138263.0	985.0
274138263.0	986.0
274138263.0	987.0
274138263.0	988.0
274138263.0	989.0
274138263.0	990.0
274138263.0	991.0
274138263.0	992.0
274138263.0	993.0
274138263.0	994.0
274138263.0	995.0
274138263.0	996.0
274138263.0	997.0
274138263.0	998.0
274138263.0	999.0
274138263.0	1000.0
274138263.0	1001.0
274138263.0	1002.0
274138263.0	1003.0
274138263.0	1004.0
274138263.0	1005.0
274138263.0	1006.0
274138263.0	1007.0
274138263.0	1008.0
274138263.0	1009.0
274138263.0	1010.0
274138263.0	1011.0
274138263.0	1012.0
274138263.0	1013.0
274138263.0	1014.0
274138263.0	1015.0
274138263.0	1016.0
274138263.0	1017.0
274138263.0	1018.0
274138263.0	1019.0
274138263.0	1020.0
274138263.0	1021.0
274138263.0	1022.0
274138263.0	1023.0
274138263.0	1024.0
274138263.0	1025.0
274138263.0	1026.0
274138263.0	1027.0
274138263.0	1028.0
274138263.0	1029.0
274138263.0	1030.0
274138263.0	1031.0
274138263.0	1032.0
274138263.0	1033.0
274138263.0	1034.0
274138263.0	1035.0
274138263.0	1036.0
274138263.0	1037.0
274138263.0	1038.0
274138263.0	1039.0
274138263.0	1040.0
274138263.0	1041.0
274138263.0	1042.0
274138263.0	1043.0
274138263.0	1044.0
274138263.0	1045.0
274138263.0	1046.0
274138263.0	1047.0
274138263.0	1048.0
274138263.0	1049.0
274138263.0	1050.0
274138263.0	1051.0
274138263.0	1052.0
274138263.0	1053.0
274138263.0	1054.0
274138263.0	1055.0
274138263.0	1056.0
274138263.0	1057.0
274138263.0	1058.0
274138263.0	1059.0
274138263.0	1060.0
274138263.0	1061.0
274138263.0	1062.0
274138263.0	1063.0
274138263.0	1064.0
274138263.0	1065.0
274138263.0	1066.0
274138263.0	1067.0
274138263.0	1068.0
274138263.0	1069.0
274138263.0	1070.0
274138263.0	1071.0
274138263.0	1072.0
274138263.0	1073.0
274138263.0	1074.0
274138263.0	1075.0
274138263.0	1076.0
274138263.0	1077.0
274138263.0	1078.0
274138263.0	1079.0
274138263.0	1080.0
274138263.0	1081.0
274138263.0	1082.0
274138263.0	1083.0
274138263.0	1084.0
274138263.0	1085.0
274138263.0	1086.0
274138263.0	1087.0
274138263.0	1088.0
274138263.0	1089.0
274138263.0	1090.0
274138263.0	1091.0
274138263.0	1092.0
274138263.0	1093.0
274138263.0	1094.0
274138263.0	1095.0
274138263.0	1096.0
274138263.0	1097.0
274138263.0	1098.0
274138263.0	1099.0
274138263.0	1100.0
274138263.0	1101.0
274138263.0	1102.0
274138263.0	1103.0
274138263.0	1104.0
274138263.0	1105.0
274138263.0	1106.0
274138263.0	1107.0
274138263.0	1108.0
274138263.0	1109.0
274138263.0	1110.0
274138263.0	1111.0
274138263.0	1112.0
274138263.0	1113.0
274138263.0	1114.0
274138263.0	1115.0
274138263.0	1116.0
274138263.0	1117.0
274138263.0	1118.0
274138263.0	1119.0
274138263.0	1120.0
274138263.0	1121.0
274138263.0	1122.0
274138263.0	1123.0
274138263.0	1124.0
274138263.0	1125.0
274138263.0	1126.0
274138263.0	1127.0
274138263.0	1128.0
274138263.0	1129.0
274138263.0	1130.0
274138263.0	1131.0
274138263.0	1132.0
274138263.0	1133.0
274138263.0	1134.0
274138263.0	1135.0
274138263.0	1136.0
274138263.0	1137.0
274138263.0	1138.0
274138263.0	1139.0
274138263.0	1140.0
