error	steps
274778429.0	0.0
273821339.0	1.0
272852520.0	2.0
271408409.0	3.0
270669308.0	4.0
269742175.0	5.0
268997049.0	6.0
268732982.0	7.0
268335102.0	8.0
267841021.0	9.0
266883109.0	10.0
266008083.0	11.0
265367421.0	12.0
264994714.0	13.0
264444373.0	14.0
264040778.0	15.0
263465260.0	16.0
262760362.0	17.0
261884432.0	18.0
261417485.0	19.0
261044733.0	20.0
260458368.0	21.0
260157435.0	22.0
259892339.0	23.0
259260758.0	24.0
259067583.0	25.0
258415593.0	26.0
257867803.0	27.0
257522122.0	28.0
257226656.0	29.0
256967396.0	30.0
256804227.0	31.0
256307155.0	32.0
255713448.0	33.0
255321478.0	34.0
254750085.0	35.0
254363695.0	36.0
253854662.0	37.0
253219971.0	38.0
252614887.0	39.0
252221171.0	40.0
251608515.0	41.0
251300171.0	42.0
250767948.0	43.0
250389665.0	44.0
249939822.0	45.0
249359435.0	46.0
249007169.0	47.0
248614645.0	48.0
247681503.0	49.0
247199531.0	50.0
246904078.0	51.0
246774585.0	52.0
246277737.0	53.0
245737301.0	54.0
245028253.0	55.0
244793535.0	56.0
244206252.0	57.0
243958836.0	58.0
243639774.0	59.0
243424603.0	60.0
243154741.0	61.0
242819247.0	62.0
242619857.0	63.0
242213030.0	64.0
242032287.0	65.0
241908371.0	66.0
241277200.0	67.0
240867627.0	68.0
240112880.0	69.0
239748699.0	70.0
239219009.0	71.0
238985542.0	72.0
238738695.0	73.0
238341082.0	74.0
237962135.0	75.0
237504802.0	76.0
237318990.0	77.0
237043720.0	78.0
236516034.0	79.0
236072113.0	80.0
235801605.0	81.0
235577165.0	82.0
235387734.0	83.0
234804058.0	84.0
234550224.0	85.0
233970656.0	86.0
233744946.0	87.0
233362503.0	88.0
233130211.0	89.0
232776319.0	90.0
232671823.0	91.0
232322204.0	92.0
232049857.0	93.0
231921052.0	94.0
231569910.0	95.0
231486946.0	96.0
231250230.0	97.0
231015981.0	98.0
230718104.0	99.0
230316615.0	100.0
230130653.0	101.0
230004077.0	102.0
229527330.0	103.0
229246450.0	104.0
228821020.0	105.0
228598510.0	106.0
228496979.0	107.0
228205971.0	108.0
228094211.0	109.0
228002433.0	110.0
227887571.0	111.0
227595605.0	112.0
227322354.0	113.0
226896122.0	114.0
226195015.0	115.0
226131258.0	116.0
225855806.0	117.0
225752098.0	118.0
225492068.0	119.0
225234307.0	120.0
224985883.0	121.0
224773710.0	122.0
224606379.0	123.0
224124270.0	124.0
223982434.0	125.0
223513897.0	126.0
223309946.0	127.0
222888695.0	128.0
222810698.0	129.0
222603827.0	130.0
222339273.0	131.0
222233627.0	132.0
221873497.0	133.0
221667845.0	134.0
221465353.0	135.0
221259117.0	136.0
221100042.0	137.0
220980793.0	138.0
220921242.0	139.0
220654356.0	140.0
220355820.0	141.0
220139337.0	142.0
219518041.0	143.0
219410435.0	144.0
219277023.0	145.0
219167470.0	146.0
219033080.0	147.0
218757014.0	148.0
218580013.0	149.0
218088105.0	150.0
217626252.0	151.0
217555001.0	152.0
217466271.0	153.0
217221231.0	154.0
216832252.0	155.0
216635871.0	156.0
216607003.0	157.0
216490999.0	158.0
216293871.0	159.0
216080946.0	160.0
215755129.0	161.0
215470498.0	162.0
215382564.0	163.0
215259696.0	164.0
215060002.0	165.0
214947868.0	166.0
214906084.0	167.0
214645493.0	168.0
214412500.0	169.0
214258840.0	170.0
214108477.0	171.0
213974571.0	172.0
213910291.0	173.0
213793049.0	174.0
213490872.0	175.0
213441604.0	176.0
213301446.0	177.0
213179375.0	178.0
213033907.0	179.0
213004090.0	180.0
212765938.0	181.0
212632194.0	182.0
212610784.0	183.0
212417653.0	184.0
212312512.0	185.0
212265388.0	186.0
212158167.0	187.0
212134791.0	188.0
212030107.0	189.0
211825936.0	190.0
211653853.0	191.0
211505214.0	192.0
211451561.0	193.0
210983725.0	194.0
210887292.0	195.0
210571922.0	196.0
210556691.0	197.0
210451933.0	198.0
210227412.0	199.0
210105324.0	200.0
210054174.0	201.0
210006297.0	202.0
209798145.0	203.0
209710103.0	204.0
209690130.0	205.0
209489035.0	206.0
209262553.0	207.0
209033424.0	208.0
208878794.0	209.0
208750019.0	210.0
208672672.0	211.0
208571812.0	212.0
208446541.0	213.0
208317743.0	214.0
208159236.0	215.0
208032689.0	216.0
207987090.0	217.0
207809354.0	218.0
207623594.0	219.0
207448511.0	220.0
207421896.0	221.0
207294590.0	222.0
207262912.0	223.0
206711855.0	224.0
206653895.0	225.0
206581905.0	226.0
206570439.0	227.0
206560152.0	228.0
206543119.0	229.0
206429907.0	230.0
206367377.0	231.0
206323331.0	232.0
206188547.0	233.0
206030177.0	234.0
205941768.0	235.0
205906013.0	236.0
205867808.0	237.0
205749538.0	238.0
205703493.0	239.0
205692894.0	240.0
205599627.0	241.0
205561480.0	242.0
205509945.0	243.0
205492244.0	244.0
205356829.0	245.0
205135155.0	246.0
205061005.0	247.0
204991242.0	248.0
204877083.0	249.0
204819825.0	250.0
204766164.0	251.0
204633741.0	252.0
204571399.0	253.0
204555888.0	254.0
204387620.0	255.0
204228193.0	256.0
204046599.0	257.0
203964828.0	258.0
203845011.0	259.0
203775730.0	260.0
203755248.0	261.0
203335701.0	262.0
203267583.0	263.0
203205379.0	264.0
203136172.0	265.0
203081565.0	266.0
203062189.0	267.0
202933660.0	268.0
202825636.0	269.0
202808554.0	270.0
202761157.0	271.0
202761157.0	272.0
202758885.0	273.0
202728112.0	274.0
202727256.0	275.0
202658087.0	276.0
202652770.0	277.0
202611208.0	278.0
202484907.0	279.0
202477272.0	280.0
202359307.0	281.0
202296193.0	282.0
202250370.0	283.0
202166276.0	284.0
202166276.0	285.0
202124361.0	286.0
202119464.0	287.0
202047129.0	288.0
202024137.0	289.0
201996449.0	290.0
201996449.0	291.0
201931851.0	292.0
201909100.0	293.0
201894614.0	294.0
201875245.0	295.0
201815042.0	296.0
201793296.0	297.0
201773749.0	298.0
201609363.0	299.0
201568345.0	300.0
201472854.0	301.0
201405424.0	302.0
201346313.0	303.0
201277393.0	304.0
201214324.0	305.0
201205211.0	306.0
201199235.0	307.0
201199235.0	308.0
201152087.0	309.0
201145947.0	310.0
201086704.0	311.0
201035488.0	312.0
201035488.0	313.0
200973860.0	314.0
200953572.0	315.0
200942145.0	316.0
200860320.0	317.0
200814933.0	318.0
200755908.0	319.0
200693261.0	320.0
200689383.0	321.0
200666588.0	322.0
200566774.0	323.0
200545204.0	324.0
200503960.0	325.0
200441764.0	326.0
200371380.0	327.0
200348105.0	328.0
200348105.0	329.0
200321978.0	330.0
200256911.0	331.0
200230677.0	332.0
200230677.0	333.0
200123263.0	334.0
200117862.0	335.0
200087836.0	336.0
200029960.0	337.0
199983760.0	338.0
199983760.0	339.0
199958825.0	340.0
199958825.0	341.0
199930543.0	342.0
199912420.0	343.0
199870234.0	344.0
199870234.0	345.0
199812768.0	346.0
199755499.0	347.0
199713112.0	348.0
199626826.0	349.0
199563708.0	350.0
199535650.0	351.0
199527356.0	352.0
199508441.0	353.0
199408243.0	354.0
199325725.0	355.0
199300789.0	356.0
199266928.0	357.0
199232077.0	358.0
199223083.0	359.0
199204298.0	360.0
199173367.0	361.0
199173367.0	362.0
199169400.0	363.0
199156995.0	364.0
199121730.0	365.0
199121730.0	366.0
199106357.0	367.0
198941651.0	368.0
198941651.0	369.0
198892280.0	370.0
198892280.0	371.0
198863771.0	372.0
198814217.0	373.0
198733472.0	374.0
198709419.0	375.0
198709419.0	376.0
198702913.0	377.0
198684027.0	378.0
198650081.0	379.0
198618405.0	380.0
198596939.0	381.0
198596939.0	382.0
198587348.0	383.0
198571109.0	384.0
198543658.0	385.0
198466162.0	386.0
198428774.0	387.0
198386103.0	388.0
198375305.0	389.0
198323308.0	390.0
198323308.0	391.0
198250996.0	392.0
198208234.0	393.0
198197447.0	394.0
198182886.0	395.0
198167407.0	396.0
198106396.0	397.0
198084854.0	398.0
198081084.0	399.0
198071569.0	400.0
198071569.0	401.0
198047785.0	402.0
198041730.0	403.0
198041730.0	404.0
197944028.0	405.0
197926840.0	406.0
197926840.0	407.0
197901974.0	408.0
197901974.0	409.0
197901974.0	410.0
197870955.0	411.0
197831264.0	412.0
197831264.0	413.0
197800091.0	414.0
197762722.0	415.0
197759152.0	416.0
197745312.0	417.0
197697113.0	418.0
197690893.0	419.0
197682973.0	420.0
197682973.0	421.0
197682504.0	422.0
197669877.0	423.0
197647882.0	424.0
197628214.0	425.0
197560779.0	426.0
197560779.0	427.0
197560779.0	428.0
197557084.0	429.0
197555516.0	430.0
197555516.0	431.0
197534888.0	432.0
197493510.0	433.0
197483138.0	434.0
197483138.0	435.0
197483138.0	436.0
197483138.0	437.0
197447173.0	438.0
197435685.0	439.0
197435685.0	440.0
197394805.0	441.0
197389646.0	442.0
197380964.0	443.0
197372808.0	444.0
197362545.0	445.0
197299822.0	446.0
197169111.0	447.0
197169111.0	448.0
197169111.0	449.0
197169111.0	450.0
197169111.0	451.0
197165696.0	452.0
197165696.0	453.0
197116477.0	454.0
197100328.0	455.0
197100328.0	456.0
197091875.0	457.0
197058310.0	458.0
197058310.0	459.0
197048373.0	460.0
197024224.0	461.0
196932678.0	462.0
196932678.0	463.0
196920247.0	464.0
196920247.0	465.0
196892791.0	466.0
196876120.0	467.0
196862005.0	468.0
196763627.0	469.0
196750664.0	470.0
196747933.0	471.0
196712270.0	472.0
196676822.0	473.0
196676822.0	474.0
196634806.0	475.0
196605253.0	476.0
196575855.0	477.0
196563756.0	478.0
196553877.0	479.0
196541107.0	480.0
196541030.0	481.0
196526140.0	482.0
196503129.0	483.0
196426764.0	484.0
196426764.0	485.0
196426764.0	486.0
196423848.0	487.0
196394858.0	488.0
196394858.0	489.0
196394858.0	490.0
196349167.0	491.0
196342001.0	492.0
196342001.0	493.0
196342001.0	494.0
196321330.0	495.0
196321330.0	496.0
196289805.0	497.0
196289805.0	498.0
196289805.0	499.0
196289805.0	500.0
196289805.0	501.0
196277716.0	502.0
196265080.0	503.0
196265080.0	504.0
196239097.0	505.0
196239097.0	506.0
196222988.0	507.0
196205530.0	508.0
196197127.0	509.0
196122563.0	510.0
196115211.0	511.0
196112594.0	512.0
196103547.0	513.0
196087874.0	514.0
196087874.0	515.0
196087874.0	516.0
196087874.0	517.0
196087874.0	518.0
196087874.0	519.0
196087874.0	520.0
196087874.0	521.0
196086974.0	522.0
196065827.0	523.0
196055107.0	524.0
196055107.0	525.0
196047799.0	526.0
196047799.0	527.0
196047799.0	528.0
196046956.0	529.0
196030557.0	530.0
196030557.0	531.0
196019688.0	532.0
196019688.0	533.0
195989510.0	534.0
195989510.0	535.0
195989510.0	536.0
195975905.0	537.0
195975774.0	538.0
195975774.0	539.0
195973733.0	540.0
195973733.0	541.0
195956991.0	542.0
195925729.0	543.0
195925729.0	544.0
195925729.0	545.0
195925729.0	546.0
195925729.0	547.0
195894116.0	548.0
195894116.0	549.0
195894116.0	550.0
195894116.0	551.0
195869794.0	552.0
195863017.0	553.0
195863017.0	554.0
195863017.0	555.0
195849273.0	556.0
195849273.0	557.0
195833097.0	558.0
195823857.0	559.0
195816342.0	560.0
195816342.0	561.0
195816342.0	562.0
195816342.0	563.0
195806523.0	564.0
195784937.0	565.0
195784281.0	566.0
195784281.0	567.0
195758670.0	568.0
195758670.0	569.0
195755072.0	570.0
195755072.0	571.0
195752152.0	572.0
195752152.0	573.0
195752152.0	574.0
195752152.0	575.0
195752152.0	576.0
195752152.0	577.0
195752152.0	578.0
195717021.0	579.0
195717021.0	580.0
195717021.0	581.0
195717021.0	582.0
195711443.0	583.0
195699641.0	584.0
195699641.0	585.0
195689988.0	586.0
195689988.0	587.0
195689988.0	588.0
195689988.0	589.0
195684360.0	590.0
195684360.0	591.0
195684360.0	592.0
195684360.0	593.0
195684360.0	594.0
195684360.0	595.0
195662156.0	596.0
195654575.0	597.0
195654056.0	598.0
195654056.0	599.0
195654056.0	600.0
195654056.0	601.0
195652063.0	602.0
195652063.0	603.0
195652063.0	604.0
195652063.0	605.0
195652063.0	606.0
195647999.0	607.0
195647999.0	608.0
195647999.0	609.0
195608263.0	610.0
195608263.0	611.0
195608263.0	612.0
195597229.0	613.0
195597229.0	614.0
195597229.0	615.0
195597229.0	616.0
195597229.0	617.0
195589296.0	618.0
195589296.0	619.0
195572403.0	620.0
195572403.0	621.0
195572403.0	622.0
195572403.0	623.0
195572403.0	624.0
195544936.0	625.0
195543253.0	626.0
195543253.0	627.0
195533278.0	628.0
195533278.0	629.0
195533278.0	630.0
195516397.0	631.0
195510616.0	632.0
195510616.0	633.0
195510616.0	634.0
195500943.0	635.0
195500943.0	636.0
195500943.0	637.0
195500943.0	638.0
195500943.0	639.0
195499741.0	640.0
195484567.0	641.0
195484190.0	642.0
195467189.0	643.0
195467189.0	644.0
195458072.0	645.0
195446219.0	646.0
195446219.0	647.0
195439223.0	648.0
195395408.0	649.0
195389038.0	650.0
195361006.0	651.0
195356760.0	652.0
195356760.0	653.0
195354601.0	654.0
195352277.0	655.0
195350068.0	656.0
195328617.0	657.0
195310206.0	658.0
195310206.0	659.0
195310206.0	660.0
195310206.0	661.0
195310206.0	662.0
195310206.0	663.0
195310206.0	664.0
195310206.0	665.0
195310206.0	666.0
195303742.0	667.0
195303742.0	668.0
195298276.0	669.0
195290120.0	670.0
195284353.0	671.0
195272355.0	672.0
195272355.0	673.0
195272355.0	674.0
195272355.0	675.0
195272355.0	676.0
195272355.0	677.0
195272355.0	678.0
195272355.0	679.0
195272355.0	680.0
195272355.0	681.0
195272355.0	682.0
195271624.0	683.0
195271624.0	684.0
195271624.0	685.0
195249919.0	686.0
195249919.0	687.0
195249919.0	688.0
195249919.0	689.0
195249919.0	690.0
195245924.0	691.0
195245924.0	692.0
195242860.0	693.0
195239242.0	694.0
195239242.0	695.0
195239242.0	696.0
195239242.0	697.0
195228202.0	698.0
195228202.0	699.0
195228202.0	700.0
195212802.0	701.0
195212802.0	702.0
195212802.0	703.0
195212802.0	704.0
195212802.0	705.0
195200146.0	706.0
195192751.0	707.0
195190363.0	708.0
195188027.0	709.0
195188027.0	710.0
195188027.0	711.0
195188027.0	712.0
195188027.0	713.0
195147241.0	714.0
195147241.0	715.0
195145686.0	716.0
195145686.0	717.0
195145686.0	718.0
195143351.0	719.0
195143351.0	720.0
195143351.0	721.0
195137200.0	722.0
195137200.0	723.0
195137200.0	724.0
195137200.0	725.0
195137200.0	726.0
195114064.0	727.0
195114064.0	728.0
195114064.0	729.0
195114064.0	730.0
195074528.0	731.0
195073323.0	732.0
195063058.0	733.0
195063058.0	734.0
195036875.0	735.0
195033701.0	736.0
195033701.0	737.0
195033701.0	738.0
195033701.0	739.0
195033701.0	740.0
195033701.0	741.0
195033701.0	742.0
195019258.0	743.0
195019258.0	744.0
195019258.0	745.0
195019258.0	746.0
195019258.0	747.0
195019258.0	748.0
195019258.0	749.0
195019258.0	750.0
195019258.0	751.0
195019258.0	752.0
195010685.0	753.0
195010685.0	754.0
194994855.0	755.0
194994855.0	756.0
194994855.0	757.0
194962455.0	758.0
194962455.0	759.0
194955365.0	760.0
194955365.0	761.0
194955365.0	762.0
194955365.0	763.0
194953021.0	764.0
194953021.0	765.0
194953021.0	766.0
194953021.0	767.0
194953021.0	768.0
194953021.0	769.0
194953021.0	770.0
194953021.0	771.0
194953021.0	772.0
194953021.0	773.0
194938365.0	774.0
194938365.0	775.0
194938365.0	776.0
194938365.0	777.0
194938365.0	778.0
194938365.0	779.0
194938365.0	780.0
194938365.0	781.0
194938365.0	782.0
194938365.0	783.0
194938365.0	784.0
194938365.0	785.0
194938365.0	786.0
194938365.0	787.0
194938365.0	788.0
194929016.0	789.0
194929016.0	790.0
194907849.0	791.0
194875042.0	792.0
194875042.0	793.0
194875042.0	794.0
194875042.0	795.0
194875042.0	796.0
194867159.0	797.0
194863118.0	798.0
194863118.0	799.0
194863118.0	800.0
194863118.0	801.0
194863118.0	802.0
194863118.0	803.0
194863118.0	804.0
194863118.0	805.0
194863118.0	806.0
194863118.0	807.0
194863118.0	808.0
194863118.0	809.0
194863118.0	810.0
194863118.0	811.0
194863118.0	812.0
194863118.0	813.0
194860916.0	814.0
194860916.0	815.0
194860916.0	816.0
194860916.0	817.0
194860916.0	818.0
194845589.0	819.0
194837671.0	820.0
194837671.0	821.0
194837671.0	822.0
194837671.0	823.0
194837671.0	824.0
194837671.0	825.0
194830162.0	826.0
194830162.0	827.0
194830162.0	828.0
194825020.0	829.0
194825020.0	830.0
194816751.0	831.0
194816751.0	832.0
194816751.0	833.0
194802567.0	834.0
194802532.0	835.0
194802532.0	836.0
194802532.0	837.0
194802532.0	838.0
194802532.0	839.0
194802532.0	840.0
194802532.0	841.0
194802532.0	842.0
194802532.0	843.0
194800866.0	844.0
194800866.0	845.0
194799682.0	846.0
194799682.0	847.0
194799682.0	848.0
194799179.0	849.0
194799179.0	850.0
194799179.0	851.0
194799179.0	852.0
194799179.0	853.0
194799179.0	854.0
194799179.0	855.0
194788234.0	856.0
194788234.0	857.0
194782793.0	858.0
194782793.0	859.0
194782793.0	860.0
194782793.0	861.0
194782793.0	862.0
194782408.0	863.0
194778705.0	864.0
194778705.0	865.0
194778705.0	866.0
194778705.0	867.0
194778705.0	868.0
194778705.0	869.0
194778705.0	870.0
194778705.0	871.0
194773204.0	872.0
194772135.0	873.0
194772135.0	874.0
194771244.0	875.0
194771244.0	876.0
194771244.0	877.0
194771244.0	878.0
194771244.0	879.0
194771244.0	880.0
194771244.0	881.0
194771244.0	882.0
194771244.0	883.0
194771244.0	884.0
194771244.0	885.0
194771244.0	886.0
194768674.0	887.0
194768674.0	888.0
194767553.0	889.0
194763725.0	890.0
194763725.0	891.0
194763725.0	892.0
194763725.0	893.0
194763725.0	894.0
194763725.0	895.0
194763725.0	896.0
194763725.0	897.0
194754320.0	898.0
194754320.0	899.0
194754320.0	900.0
194754320.0	901.0
194754320.0	902.0
194754320.0	903.0
194754320.0	904.0
194754320.0	905.0
194751653.0	906.0
194751653.0	907.0
194700417.0	908.0
194700417.0	909.0
194697371.0	910.0
194697371.0	911.0
194697371.0	912.0
194697371.0	913.0
194697371.0	914.0
194697371.0	915.0
194697371.0	916.0
194697371.0	917.0
194697371.0	918.0
194697371.0	919.0
194697371.0	920.0
194697371.0	921.0
194697371.0	922.0
194697371.0	923.0
194697371.0	924.0
194684932.0	925.0
194683468.0	926.0
194683468.0	927.0
194683468.0	928.0
194682255.0	929.0
194671811.0	930.0
194671811.0	931.0
194671811.0	932.0
194671811.0	933.0
194671811.0	934.0
194671811.0	935.0
194671811.0	936.0
194671811.0	937.0
194671811.0	938.0
194671811.0	939.0
194662173.0	940.0
194662173.0	941.0
194662173.0	942.0
194662173.0	943.0
194662173.0	944.0
194662173.0	945.0
194662173.0	946.0
194662173.0	947.0
194662173.0	948.0
194662173.0	949.0
194659288.0	950.0
194659288.0	951.0
194659288.0	952.0
194658952.0	953.0
194658952.0	954.0
194658952.0	955.0
194658952.0	956.0
194658952.0	957.0
194658952.0	958.0
194658952.0	959.0
194658952.0	960.0
194658952.0	961.0
194658952.0	962.0
194658952.0	963.0
194658952.0	964.0
194658952.0	965.0
194658952.0	966.0
194656563.0	967.0
194656563.0	968.0
194656563.0	969.0
194656563.0	970.0
194656563.0	971.0
194656563.0	972.0
194656563.0	973.0
194651298.0	974.0
194647095.0	975.0
194647095.0	976.0
194647095.0	977.0
194647095.0	978.0
194647095.0	979.0
194644638.0	980.0
194640172.0	981.0
194638862.0	982.0
194638862.0	983.0
194638862.0	984.0
194620809.0	985.0
194620809.0	986.0
194620809.0	987.0
194620809.0	988.0
194620809.0	989.0
194620809.0	990.0
194620809.0	991.0
194620809.0	992.0
194620809.0	993.0
194620809.0	994.0
194620809.0	995.0
194620809.0	996.0
194620809.0	997.0
194620809.0	998.0
194620809.0	999.0
194620809.0	1000.0
194620809.0	1001.0
194620809.0	1002.0
194620809.0	1003.0
194620809.0	1004.0
194620809.0	1005.0
194614560.0	1006.0
194611951.0	1007.0
194611951.0	1008.0
194611516.0	1009.0
194611516.0	1010.0
194611516.0	1011.0
194609113.0	1012.0
194609113.0	1013.0
194609113.0	1014.0
194609113.0	1015.0
194609113.0	1016.0
194609113.0	1017.0
194609113.0	1018.0
194609113.0	1019.0
194609113.0	1020.0
194609113.0	1021.0
194609113.0	1022.0
194608108.0	1023.0
194608108.0	1024.0
194608108.0	1025.0
194608108.0	1026.0
194608108.0	1027.0
194606817.0	1028.0
194606817.0	1029.0
194606817.0	1030.0
194606817.0	1031.0
194606817.0	1032.0
194606817.0	1033.0
194606817.0	1034.0
194606817.0	1035.0
194606817.0	1036.0
194606817.0	1037.0
194606817.0	1038.0
194606817.0	1039.0
194606817.0	1040.0
194606817.0	1041.0
194606817.0	1042.0
194606817.0	1043.0
194606817.0	1044.0
194606817.0	1045.0
194606817.0	1046.0
194599964.0	1047.0
194599964.0	1048.0
194599964.0	1049.0
194599964.0	1050.0
194599964.0	1051.0
194599964.0	1052.0
194599964.0	1053.0
194599964.0	1054.0
194599964.0	1055.0
194599964.0	1056.0
194599964.0	1057.0
194594433.0	1058.0
194594433.0	1059.0
194594433.0	1060.0
194594433.0	1061.0
194592739.0	1062.0
194592739.0	1063.0
194592739.0	1064.0
194588179.0	1065.0
194588179.0	1066.0
194588179.0	1067.0
194588179.0	1068.0
194588179.0	1069.0
194588179.0	1070.0
194588179.0	1071.0
194588179.0	1072.0
194588179.0	1073.0
194586793.0	1074.0
194586793.0	1075.0
194585591.0	1076.0
194585591.0	1077.0
194585591.0	1078.0
194581887.0	1079.0
194581887.0	1080.0
194581887.0	1081.0
194581887.0	1082.0
194581887.0	1083.0
194581887.0	1084.0
194581887.0	1085.0
194581887.0	1086.0
194580214.0	1087.0
194580214.0	1088.0
194580214.0	1089.0
194580214.0	1090.0
194578415.0	1091.0
194578415.0	1092.0
194578415.0	1093.0
194578415.0	1094.0
194578415.0	1095.0
194570198.0	1096.0
194570198.0	1097.0
194570198.0	1098.0
194570198.0	1099.0
194570198.0	1100.0
194570198.0	1101.0
194570198.0	1102.0
194570198.0	1103.0
194570198.0	1104.0
194570198.0	1105.0
194570198.0	1106.0
194570198.0	1107.0
194566647.0	1108.0
194566647.0	1109.0
194566647.0	1110.0
194566647.0	1111.0
194566647.0	1112.0
194566647.0	1113.0
194566647.0	1114.0
194566647.0	1115.0
194566647.0	1116.0
194563917.0	1117.0
194563917.0	1118.0
194560108.0	1119.0
194555609.0	1120.0
194549247.0	1121.0
194549247.0	1122.0
194549247.0	1123.0
194549247.0	1124.0
194549247.0	1125.0
194549247.0	1126.0
194549247.0	1127.0
194549247.0	1128.0
194549247.0	1129.0
194549247.0	1130.0
194549247.0	1131.0
194549247.0	1132.0
194549247.0	1133.0
194549247.0	1134.0
194549247.0	1135.0
194549247.0	1136.0
194549247.0	1137.0
194549247.0	1138.0
194549247.0	1139.0
194549247.0	1140.0
194549247.0	1141.0
194549247.0	1142.0
194544992.0	1143.0
194544992.0	1144.0
194544992.0	1145.0
194530549.0	1146.0
194530549.0	1147.0
194530549.0	1148.0
194530549.0	1149.0
194530549.0	1150.0
194530549.0	1151.0
194524277.0	1152.0
194524277.0	1153.0
194524277.0	1154.0
194524277.0	1155.0
194523775.0	1156.0
194523775.0	1157.0
194523775.0	1158.0
194523775.0	1159.0
194523775.0	1160.0
194523775.0	1161.0
194523775.0	1162.0
194523775.0	1163.0
194523775.0	1164.0
194523775.0	1165.0
194523775.0	1166.0
194520554.0	1167.0
194520554.0	1168.0
194520554.0	1169.0
194520554.0	1170.0
194520554.0	1171.0
194520554.0	1172.0
194509845.0	1173.0
194509845.0	1174.0
194494579.0	1175.0
194494579.0	1176.0
194494579.0	1177.0
194494579.0	1178.0
194489651.0	1179.0
194489651.0	1180.0
194489651.0	1181.0
194489651.0	1182.0
194489651.0	1183.0
194489651.0	1184.0
194489651.0	1185.0
194488981.0	1186.0
194488981.0	1187.0
194488981.0	1188.0
194488981.0	1189.0
194488981.0	1190.0
194488981.0	1191.0
194472948.0	1192.0
194472948.0	1193.0
194472948.0	1194.0
194472948.0	1195.0
194472948.0	1196.0
194472948.0	1197.0
194472948.0	1198.0
194471224.0	1199.0
194471224.0	1200.0
194471224.0	1201.0
194471224.0	1202.0
194471224.0	1203.0
194471224.0	1204.0
194471224.0	1205.0
194471224.0	1206.0
194471224.0	1207.0
194471224.0	1208.0
194471224.0	1209.0
194471224.0	1210.0
194471224.0	1211.0
194471224.0	1212.0
194471224.0	1213.0
194471224.0	1214.0
194471224.0	1215.0
194471224.0	1216.0
194471224.0	1217.0
194471224.0	1218.0
194471224.0	1219.0
194471224.0	1220.0
194471224.0	1221.0
194471224.0	1222.0
194471224.0	1223.0
194459631.0	1224.0
194459631.0	1225.0
194459631.0	1226.0
194459631.0	1227.0
194459631.0	1228.0
194459631.0	1229.0
194459631.0	1230.0
194459631.0	1231.0
194459631.0	1232.0
194459631.0	1233.0
194459631.0	1234.0
194459631.0	1235.0
194459631.0	1236.0
194459631.0	1237.0
194459631.0	1238.0
194459631.0	1239.0
194459631.0	1240.0
194459631.0	1241.0
194459631.0	1242.0
194459631.0	1243.0
194459631.0	1244.0
194459631.0	1245.0
194455443.0	1246.0
194455443.0	1247.0
194455443.0	1248.0
194455443.0	1249.0
194455443.0	1250.0
194455443.0	1251.0
194455443.0	1252.0
194455443.0	1253.0
194455443.0	1254.0
194455443.0	1255.0
194455443.0	1256.0
194455443.0	1257.0
194455443.0	1258.0
194455443.0	1259.0
194455443.0	1260.0
194455443.0	1261.0
194455443.0	1262.0
194455443.0	1263.0
194455443.0	1264.0
194455443.0	1265.0
194454912.0	1266.0
194454912.0	1267.0
194454912.0	1268.0
194454912.0	1269.0
194454912.0	1270.0
194454912.0	1271.0
194454912.0	1272.0
194454912.0	1273.0
194454912.0	1274.0
194454912.0	1275.0
194454912.0	1276.0
194454912.0	1277.0
194454912.0	1278.0
194454912.0	1279.0
194454912.0	1280.0
194454912.0	1281.0
194454912.0	1282.0
194454912.0	1283.0
194454912.0	1284.0
194454912.0	1285.0
194454912.0	1286.0
194454912.0	1287.0
194454912.0	1288.0
194454912.0	1289.0
194454912.0	1290.0
194454912.0	1291.0
194454912.0	1292.0
194452597.0	1293.0
194452597.0	1294.0
194450628.0	1295.0
194450628.0	1296.0
194450628.0	1297.0
194450628.0	1298.0
194450628.0	1299.0
194450628.0	1300.0
194450628.0	1301.0
194450628.0	1302.0
194450628.0	1303.0
194450628.0	1304.0
194450628.0	1305.0
194450628.0	1306.0
194450628.0	1307.0
194450628.0	1308.0
194450628.0	1309.0
194450628.0	1310.0
194433677.0	1311.0
194433677.0	1312.0
194433677.0	1313.0
194433677.0	1314.0
194433677.0	1315.0
194433677.0	1316.0
194433677.0	1317.0
194433677.0	1318.0
194433677.0	1319.0
194433677.0	1320.0
194433677.0	1321.0
194433677.0	1322.0
194433677.0	1323.0
194433677.0	1324.0
194433677.0	1325.0
194433677.0	1326.0
194433677.0	1327.0
194433677.0	1328.0
194433677.0	1329.0
194433677.0	1330.0
194433677.0	1331.0
194433677.0	1332.0
194433677.0	1333.0
194433677.0	1334.0
194433677.0	1335.0
194433677.0	1336.0
194433677.0	1337.0
194433677.0	1338.0
194433677.0	1339.0
194433677.0	1340.0
194433677.0	1341.0
194433677.0	1342.0
194433677.0	1343.0
194433677.0	1344.0
194433677.0	1345.0
194433677.0	1346.0
194433677.0	1347.0
194433677.0	1348.0
194433677.0	1349.0
194433677.0	1350.0
194433677.0	1351.0
194433677.0	1352.0
194433677.0	1353.0
194433677.0	1354.0
194433677.0	1355.0
194433677.0	1356.0
194433677.0	1357.0
194433677.0	1358.0
194433677.0	1359.0
194433677.0	1360.0
194433677.0	1361.0
194433677.0	1362.0
194433677.0	1363.0
194433677.0	1364.0
194433677.0	1365.0
194433677.0	1366.0
194433677.0	1367.0
194433677.0	1368.0
194433677.0	1369.0
194433677.0	1370.0
194433677.0	1371.0
194433677.0	1372.0
194433677.0	1373.0
194433677.0	1374.0
194433677.0	1375.0
194430773.0	1376.0
194430773.0	1377.0
194430773.0	1378.0
194430773.0	1379.0
194430773.0	1380.0
194430773.0	1381.0
194430773.0	1382.0
194430773.0	1383.0
194430773.0	1384.0
194430773.0	1385.0
194430773.0	1386.0
194430773.0	1387.0
194430773.0	1388.0
194430773.0	1389.0
194430773.0	1390.0
194430773.0	1391.0
194430773.0	1392.0
194430773.0	1393.0
194430773.0	1394.0
194430773.0	1395.0
194430773.0	1396.0
194430773.0	1397.0
194430773.0	1398.0
194430773.0	1399.0
194430773.0	1400.0
194430773.0	1401.0
194430773.0	1402.0
194430773.0	1403.0
194430773.0	1404.0
194430773.0	1405.0
194430773.0	1406.0
194430773.0	1407.0
194430773.0	1408.0
194430773.0	1409.0
194430773.0	1410.0
194430773.0	1411.0
194430773.0	1412.0
194430773.0	1413.0
194430773.0	1414.0
194430773.0	1415.0
194430773.0	1416.0
194430773.0	1417.0
194430773.0	1418.0
194430773.0	1419.0
194430773.0	1420.0
194430773.0	1421.0
194430773.0	1422.0
194430773.0	1423.0
194430773.0	1424.0
194430773.0	1425.0
194430773.0	1426.0
194430773.0	1427.0
194430773.0	1428.0
194430773.0	1429.0
194430773.0	1430.0
194430773.0	1431.0
194429236.0	1432.0
194429236.0	1433.0
194429236.0	1434.0
194429236.0	1435.0
194429236.0	1436.0
194429236.0	1437.0
194429236.0	1438.0
194429236.0	1439.0
194429236.0	1440.0
194429236.0	1441.0
194429236.0	1442.0
194429236.0	1443.0
194429236.0	1444.0
194429236.0	1445.0
194429236.0	1446.0
194429236.0	1447.0
194429236.0	1448.0
194429236.0	1449.0
194429236.0	1450.0
194429236.0	1451.0
194429236.0	1452.0
194429236.0	1453.0
194429236.0	1454.0
194429236.0	1455.0
194429236.0	1456.0
194429236.0	1457.0
194429236.0	1458.0
194429236.0	1459.0
194429236.0	1460.0
194429236.0	1461.0
194429236.0	1462.0
194429236.0	1463.0
194429236.0	1464.0
194429236.0	1465.0
194429236.0	1466.0
194429236.0	1467.0
194429236.0	1468.0
194429236.0	1469.0
194429236.0	1470.0
194429236.0	1471.0
194429236.0	1472.0
194429236.0	1473.0
194429236.0	1474.0
194429236.0	1475.0
194429236.0	1476.0
194429236.0	1477.0
194429236.0	1478.0
194429236.0	1479.0
194429236.0	1480.0
194429236.0	1481.0
194429236.0	1482.0
194429236.0	1483.0
194429236.0	1484.0
194429236.0	1485.0
194429236.0	1486.0
194429236.0	1487.0
194429236.0	1488.0
194429236.0	1489.0
194429236.0	1490.0
194429236.0	1491.0
