error	run_time
487858766.0	0.0
473410319.0	0.0028460025787353516
462094852.0	0.005686044692993164
456751674.0	0.00833892822265625
450364675.0	0.011417865753173828
435269797.0	0.01408696174621582
432772495.0	0.017194032669067383
425523836.0	0.01990509033203125
416781382.0	0.02266097068786621
410544390.0	0.02530694007873535
405862536.0	0.02853703498840332
394511042.0	0.03150796890258789
383579956.0	0.034124135971069336
382442637.0	0.037026166915893555
378006692.0	0.03990817070007324
372715623.0	0.04288482666015625
371387148.0	0.046112060546875
368224604.0	0.049154043197631836
361305473.0	0.05215597152709961
354868292.0	0.05488419532775879
350443287.0	0.05761098861694336
348125037.0	0.060606956481933594
344059741.0	0.06354689598083496
337170896.0	0.06608319282531738
337096594.0	0.0688469409942627
335687405.0	0.07153797149658203
332737267.0	0.07432699203491211
332418937.0	0.07732796669006348
325070728.0	0.07990884780883789
322106344.0	0.08245611190795898
320684733.0	0.08518290519714355
320200439.0	0.08797597885131836
316695244.0	0.09090089797973633
315973179.0	0.09372591972351074
314036575.0	0.09650516510009766
311426595.0	0.09932589530944824
306138098.0	0.10204100608825684
305192111.0	0.10476493835449219
305192111.0	0.1077260971069336
303180769.0	0.1105809211730957
301798132.0	0.1133110523223877
298022113.0	0.11614012718200684
296458934.0	0.11874103546142578
295594736.0	0.12148785591125488
294529304.0	0.12452411651611328
294529304.0	0.1268939971923828
293287967.0	0.12976312637329102
291062909.0	0.13259291648864746
286804733.0	0.1352369785308838
282173240.0	0.13795685768127441
280639652.0	0.14099693298339844
279053582.0	0.1439800262451172
279053582.0	0.14625000953674316
275958970.0	0.14921188354492188
275286873.0	0.15178704261779785
271590418.0	0.1544358730316162
267198819.0	0.15756011009216309
267198819.0	0.15984582901000977
266346975.0	0.16260313987731934
265746203.0	0.1654977798461914
262159791.0	0.16809797286987305
261915606.0	0.170820951461792
261018304.0	0.1737070083618164
260801594.0	0.1762399673461914
259093291.0	0.17893195152282715
258927537.0	0.18154287338256836
258927537.0	0.18378806114196777
258662303.0	0.1863408088684082
258339094.0	0.18933701515197754
256250741.0	0.1919260025024414
254046390.0	0.1945509910583496
254046390.0	0.196976900100708
253452203.0	0.1995539665222168
252138589.0	0.20215511322021484
251341598.0	0.20514583587646484
250657571.0	0.2078080177307129
249182333.0	0.21060395240783691
248134640.0	0.2135910987854004
248134640.0	0.21591401100158691
247346603.0	0.21857476234436035
246580730.0	0.22150087356567383
246055063.0	0.2243027687072754
246055063.0	0.22669196128845215
246055063.0	0.22911500930786133
246055063.0	0.23139095306396484
245707237.0	0.23396611213684082
245127701.0	0.2365870475769043
245127701.0	0.23910880088806152
244672054.0	0.2416830062866211
244672054.0	0.24415206909179688
244672054.0	0.24646997451782227
243862196.0	0.24905085563659668
242615859.0	0.2517728805541992
242615859.0	0.25414085388183594
242615859.0	0.2565488815307617
242615859.0	0.2587888240814209
242156820.0	0.2618839740753174
242156820.0	0.2641301155090332
241918840.0	0.2668290138244629
241905290.0	0.2700629234313965
241335631.0	0.2748417854309082
238257479.0	0.2785630226135254
237538738.0	0.28123998641967773
237309727.0	0.28444385528564453
236646819.0	0.28723883628845215
236646819.0	0.2900099754333496
236646819.0	0.2934248447418213
235320401.0	0.2966761589050293
235320401.0	0.30022096633911133
235320401.0	0.302692174911499
235320401.0	0.3060140609741211
235320401.0	0.30883002281188965
235320401.0	0.3122859001159668
235320401.0	0.31487393379211426
234580783.0	0.3177521228790283
234580783.0	0.32015395164489746
234580783.0	0.32274580001831055
234580783.0	0.32549405097961426
234580783.0	0.32831478118896484
234580783.0	0.3309597969055176
234580783.0	0.33390116691589355
234580783.0	0.33635616302490234
234580783.0	0.33948397636413574
233542652.0	0.3424520492553711
233542652.0	0.3448970317840576
233542652.0	0.34748101234436035
233542652.0	0.3502049446105957
233542652.0	0.35245704650878906
233542652.0	0.35480713844299316
233542652.0	0.35753703117370605
232801948.0	0.36037611961364746
232801948.0	0.36279988288879395
232801948.0	0.36539697647094727
232801948.0	0.36771297454833984
232801948.0	0.3701748847961426
232801948.0	0.37330102920532227
232801948.0	0.375607967376709
232801948.0	0.3780710697174072
232801948.0	0.38067197799682617
232801948.0	0.38289308547973633
232801948.0	0.3851010799407959
232801948.0	0.38762807846069336
232801948.0	0.39024901390075684
232801948.0	0.39254188537597656
232801948.0	0.3949129581451416
232801948.0	0.39757490158081055
232801948.0	0.39984798431396484
232801948.0	0.40206003189086914
232801948.0	0.40498900413513184
232801948.0	0.40738677978515625
232801948.0	0.4097449779510498
232801948.0	0.41219210624694824
232801948.0	0.4145841598510742
232801948.0	0.41682004928588867
232801948.0	0.41902995109558105
232801948.0	0.42166876792907715
232801948.0	0.42389798164367676
232801948.0	0.42612409591674805
232801948.0	0.4286179542541504
232801948.0	0.4309110641479492
232801948.0	0.4331679344177246
232801948.0	0.4354860782623291
232801948.0	0.4382200241088867
232801948.0	0.4405241012573242
232245673.0	0.4432950019836426
232245673.0	0.4463670253753662
232245673.0	0.4487009048461914
232245673.0	0.4509718418121338
232245673.0	0.4534721374511719
232245673.0	0.45595812797546387
232245673.0	0.4582679271697998
232245673.0	0.46095705032348633
232245673.0	0.463284969329834
232245673.0	0.4656069278717041
232245673.0	0.46790504455566406
232245673.0	0.47045302391052246
232245673.0	0.47271203994750977
232245673.0	0.4749569892883301
232245673.0	0.47747206687927246
232245673.0	0.47971105575561523
232245673.0	0.4819028377532959
232245673.0	0.4842948913574219
232245673.0	0.4865889549255371
232245673.0	0.4888157844543457
232245673.0	0.4910421371459961
232245673.0	0.4933760166168213
232245673.0	0.49559879302978516
232245673.0	0.4978179931640625
232245673.0	0.5000529289245605
232245673.0	0.5022568702697754
232245673.0	0.5044920444488525
232245673.0	0.506688117980957
232245673.0	0.5091230869293213
232245673.0	0.5113160610198975
232245673.0	0.5134520530700684
232245673.0	0.5158951282501221
232245673.0	0.5181288719177246
232245673.0	0.5203590393066406
232245673.0	0.5225858688354492
232245673.0	0.5248289108276367
232245673.0	0.5270590782165527
232245673.0	0.5292527675628662
232245673.0	0.5315539836883545
232245673.0	0.5340747833251953
232245673.0	0.536391019821167
232245673.0	0.5388460159301758
232245673.0	0.5413498878479004
232245673.0	0.5452051162719727
232245673.0	0.5476570129394531
232245673.0	0.5499160289764404
232245673.0	0.5521390438079834
232245673.0	0.5543820858001709
232245673.0	0.5570149421691895
232245673.0	0.5592420101165771
232245673.0	0.562283992767334
232245673.0	0.564749002456665
232245673.0	0.5669708251953125
232245673.0	0.5691919326782227
232245673.0	0.5714240074157715
232245673.0	0.57393479347229
232245673.0	0.5762228965759277
232245673.0	0.5790541172027588
232245673.0	0.5815749168395996
232245673.0	0.5839381217956543
232245673.0	0.5862081050872803
232245673.0	0.5885140895843506
232245673.0	0.5908470153808594
232245673.0	0.5935089588165283
232245673.0	0.5958569049835205
232245673.0	0.5982170104980469
232245673.0	0.6004509925842285
232245673.0	0.6026608943939209
232245673.0	0.6049537658691406
232245673.0	0.607213020324707
232245673.0	0.6097369194030762
232245673.0	0.6120030879974365
232245673.0	0.6144421100616455
232245673.0	0.6166989803314209
232245673.0	0.6189320087432861
232245673.0	0.6213021278381348
232245673.0	0.6235730648040771
232245673.0	0.6258838176727295
232245673.0	0.628183126449585
232245673.0	0.6304430961608887
232245673.0	0.632714033126831
232245673.0	0.6349730491638184
232245673.0	0.6372528076171875
232245673.0	0.6395111083984375
232245673.0	0.6417219638824463
232245673.0	0.6444129943847656
232245673.0	0.6467740535736084
232245673.0	0.6490371227264404
232245673.0	0.6512677669525146
232245673.0	0.6535439491271973
232245673.0	0.655771017074585
232245673.0	0.6579270362854004
232245673.0	0.6600830554962158
232245673.0	0.662376880645752
232245673.0	0.6645519733428955
232245673.0	0.6667468547821045
232245673.0	0.669252872467041
232245673.0	0.6714298725128174
232245673.0	0.6736361980438232
232245673.0	0.6758332252502441
232245673.0	0.6781179904937744
232245673.0	0.6802771091461182
232245673.0	0.6824519634246826
232245673.0	0.6846861839294434
232245673.0	0.6868200302124023
232245673.0	0.6889548301696777
232245673.0	0.6910810470581055
232245673.0	0.6933059692382812
232245673.0	0.6954419612884521
232245673.0	0.6976718902587891
232245673.0	0.6998028755187988
232245673.0	0.7021691799163818
232245673.0	0.7043378353118896
232245673.0	0.7065107822418213
232245673.0	0.7089049816131592
232245673.0	0.7110700607299805
232245673.0	0.7132668495178223
232245673.0	0.7154231071472168
232245673.0	0.7177379131317139
232245673.0	0.719944953918457
232245673.0	0.7220940589904785
232245673.0	0.7242429256439209
232245673.0	0.7266340255737305
232245673.0	0.7287847995758057
232245673.0	0.7309229373931885
232245673.0	0.7332360744476318
232245673.0	0.7354288101196289
232245673.0	0.7377657890319824
232245673.0	0.7401669025421143
232245673.0	0.7428090572357178
232245673.0	0.7458591461181641
232245673.0	0.7481300830841064
232245673.0	0.7505600452423096
232245673.0	0.75282883644104
232245673.0	0.7550868988037109
232245673.0	0.7573990821838379
232245673.0	0.7596018314361572
232245673.0	0.7618999481201172
232245673.0	0.7641599178314209
232245673.0	0.7663969993591309
232245673.0	0.7687380313873291
232245673.0	0.771104097366333
232245673.0	0.7748880386352539
232245673.0	0.779026985168457
232245673.0	0.7823188304901123
232245673.0	0.7845969200134277
232245673.0	0.7868490219116211
232245673.0	0.7892489433288574
232245673.0	0.7915298938751221
232245673.0	0.7938060760498047
232245673.0	0.797497034072876
232245673.0	0.8006908893585205
232245673.0	0.8030259609222412
232245673.0	0.805401086807251
232245673.0	0.8076839447021484
232245673.0	0.8099689483642578
232245673.0	0.8124170303344727
232245673.0	0.8153688907623291
232245673.0	0.8177089691162109
232245673.0	0.8201570510864258
232245673.0	0.8225338459014893
232245673.0	0.8247838020324707
232245673.0	0.8270359039306641
232245673.0	0.8293838500976562
232245673.0	0.8317079544067383
232245673.0	0.8339619636535645
232245673.0	0.8361990451812744
232245673.0	0.8385980129241943
232245673.0	0.840857982635498
232245673.0	0.8430979251861572
232245673.0	0.8454160690307617
232245673.0	0.8476390838623047
232245673.0	0.8498380184173584
232245673.0	0.852104902267456
232245673.0	0.8544631004333496
232245673.0	0.8566999435424805
232245673.0	0.858928918838501
232245673.0	0.8613059520721436
232245673.0	0.8635129928588867
232245673.0	0.8657310009002686
232245673.0	0.8679330348968506
232245673.0	0.8705160617828369
232245673.0	0.8728971481323242
232245673.0	0.8755269050598145
232245673.0	0.8779699802398682
232245673.0	0.8802030086517334
232245673.0	0.8827619552612305
232245673.0	0.8854579925537109
232245673.0	0.8879199028015137
232245673.0	0.8901760578155518
232245673.0	0.892388105392456
232245673.0	0.8950438499450684
232245673.0	0.8973040580749512
232245673.0	0.8995568752288818
232245673.0	0.902116060256958
232245673.0	0.9043488502502441
232245673.0	0.906548023223877
232245673.0	0.9087722301483154
232245673.0	0.9111449718475342
232245673.0	0.9133570194244385
232245673.0	0.9156670570373535
232245673.0	0.9179620742797852
232245673.0	0.9202098846435547
232245673.0	0.9228739738464355
232245673.0	0.9262878894805908
232245673.0	0.9286389350891113
232245673.0	0.9310479164123535
232245673.0	0.9334888458251953
232245673.0	0.9361128807067871
232245673.0	0.9383828639984131
232245673.0	0.9406280517578125
232245673.0	0.9432549476623535
232245673.0	0.9455418586730957
232245673.0	0.9477880001068115
232245673.0	0.9506418704986572
232245673.0	0.9529690742492676
232245673.0	0.9552469253540039
232245673.0	0.9577491283416748
232245673.0	0.9600880146026611
232245673.0	0.9622840881347656
232245673.0	0.9644730091094971
232245673.0	0.9672529697418213
232245673.0	0.9695069789886475
232245673.0	0.9717750549316406
232245673.0	0.9745490550994873
232245673.0	0.9769260883331299
232245673.0	0.9792420864105225
232245673.0	0.9824340343475342
232245673.0	0.9851939678192139
232245673.0	0.9876418113708496
232245673.0	0.9903199672698975
232245673.0	0.9927868843078613
232245673.0	0.995142936706543
232245673.0	0.9976861476898193
232245673.0	1.000243902206421
232245673.0	1.00295090675354
232245673.0	1.006115198135376
232245673.0	1.0085010528564453
232245673.0	1.0108458995819092
232245673.0	1.0131499767303467
232245673.0	1.0159070491790771
232245673.0	1.0181691646575928
232245673.0	1.0205528736114502
232245673.0	1.0237269401550293
232245673.0	1.0260260105133057
232245673.0	1.0283069610595703
232245673.0	1.031247854232788
232245673.0	1.0335791110992432
232245673.0	1.0359690189361572
232245673.0	1.0393269062042236
232245673.0	1.042052984237671
232245673.0	1.0443949699401855
232245673.0	1.0472919940948486
232245673.0	1.049678087234497
232245673.0	1.0519859790802002
232245673.0	1.0548129081726074
232245673.0	1.0571918487548828
232245673.0	1.0604028701782227
232245673.0	1.0637729167938232
232245673.0	1.0664451122283936
232245673.0	1.06911301612854
232245673.0	1.0723419189453125
232245673.0	1.074842929840088
232245673.0	1.0771458148956299
232245673.0	1.080348014831543
232245673.0	1.0838689804077148
232245673.0	1.0883469581604004
232245673.0	1.0916800498962402
232245673.0	1.0953850746154785
232245673.0	1.0994269847869873
232245673.0	1.1037189960479736
232245673.0	1.1061739921569824
232245673.0	1.1089138984680176
232245673.0	1.1126279830932617
232245673.0	1.115440845489502
232245673.0	1.1192240715026855
232245673.0	1.1231098175048828
232245673.0	1.1266491413116455
232245673.0	1.1292998790740967
232245673.0	1.132153034210205
232245673.0	1.1362597942352295
232245673.0	1.1389508247375488
232245673.0	1.1415228843688965
232245673.0	1.1439690589904785
232245673.0	1.1471281051635742
232245673.0	1.1505589485168457
232245673.0	1.1539490222930908
232245673.0	1.1567280292510986
232245673.0	1.1598739624023438
232245673.0	1.1629350185394287
232245673.0	1.1664330959320068
232245673.0	1.1698970794677734
232245673.0	1.1727559566497803
232245673.0	1.1761150360107422
232245673.0	1.1794178485870361
232245673.0	1.1829450130462646
232245673.0	1.186176061630249
232245673.0	1.1892809867858887
232245673.0	1.191636085510254
232245673.0	1.1939148902893066
232245673.0	1.1962430477142334
232245673.0	1.1985018253326416
232245673.0	1.200861930847168
232245673.0	1.2031209468841553
232245673.0	1.2059378623962402
232245673.0	1.2092249393463135
232245673.0	1.2129290103912354
232245673.0	1.2161870002746582
232245673.0	1.2187309265136719
232245673.0	1.2211720943450928
232245673.0	1.2234251499176025
232245673.0	1.2260479927062988
232245673.0	1.2295198440551758
232245673.0	1.2329399585723877
232245673.0	1.2352068424224854
232245673.0	1.2376320362091064
232245673.0	1.240185022354126
232245673.0	1.2424709796905518
232245673.0	1.2455999851226807
232245673.0	1.2488460540771484
232245673.0	1.2511827945709229
232245673.0	1.2534489631652832
232245673.0	1.2564060688018799
232245673.0	1.2587509155273438
232245673.0	1.2612438201904297
232245673.0	1.2642359733581543
232245673.0	1.2666199207305908
232245673.0	1.2688729763031006
232245673.0	1.2711071968078613
232245673.0	1.2734358310699463
232245673.0	1.2756638526916504
232245673.0	1.2787258625030518
232245673.0	1.2820689678192139
232245673.0	1.284409761428833
232245673.0	1.287099838256836
232245673.0	1.2895019054412842
232245673.0	1.2919869422912598
232245673.0	1.2944629192352295
232245673.0	1.2980060577392578
232245673.0	1.3003380298614502
232245673.0	1.302638053894043
232245673.0	1.304945945739746
232245673.0	1.307224988937378
232245673.0	1.3096179962158203
232245673.0	1.3123359680175781
232245673.0	1.3149089813232422
232245673.0	1.3173608779907227
232245673.0	1.3196098804473877
232245673.0	1.3224918842315674
232245673.0	1.3248159885406494
232245673.0	1.3275530338287354
232245673.0	1.3304200172424316
232245673.0	1.3327460289001465
232245673.0	1.3349790573120117
232245673.0	1.3371679782867432
232245673.0	1.3394958972930908
232245673.0	1.3417739868164062
232245673.0	1.3448479175567627
232245673.0	1.347740888595581
232245673.0	1.3503491878509521
232245673.0	1.352898120880127
232245673.0	1.3552279472351074
232245673.0	1.3575279712677002
232245673.0	1.3601219654083252
232245673.0	1.3630568981170654
232245673.0	1.3656680583953857
232245673.0	1.3681550025939941
232245673.0	1.3703718185424805
232245673.0	1.3730361461639404
232245673.0	1.375331163406372
232245673.0	1.3777260780334473
232245673.0	1.3803529739379883
232245673.0	1.382699966430664
232245673.0	1.3849217891693115
232245673.0	1.387233018875122
232245673.0	1.3895161151885986
232245673.0	1.391784906387329
232245673.0	1.3941609859466553
232245673.0	1.3968760967254639
232245673.0	1.399233102798462
232245673.0	1.4014708995819092
232245673.0	1.4037671089172363
232245673.0	1.4059882164001465
232245673.0	1.4081940650939941
232245673.0	1.4104399681091309
232245673.0	1.4130949974060059
232245673.0	1.4154839515686035
232245673.0	1.4177069664001465
232245673.0	1.4199538230895996
232245673.0	1.422173023223877
232245673.0	1.4243879318237305
232245673.0	1.42690110206604
232245673.0	1.4299800395965576
232245673.0	1.432405948638916
232245673.0	1.4347667694091797
232245673.0	1.4373219013214111
232245673.0	1.439633846282959
232245673.0	1.441938877105713
232245673.0	1.4448540210723877
232245673.0	1.4477639198303223
232245673.0	1.4500799179077148
232245673.0	1.4523651599884033
232245673.0	1.4548978805541992
232245673.0	1.4572360515594482
232245673.0	1.4596199989318848
232245673.0	1.4623780250549316
232245673.0	1.4650020599365234
232245673.0	1.467350959777832
232245673.0	1.4695968627929688
232245673.0	1.4719569683074951
232245673.0	1.4742019176483154
232245673.0	1.47664213180542
232245673.0	1.4802451133728027
232245673.0	1.4829151630401611
232245673.0	1.4854910373687744
232245673.0	1.4881939888000488
232245673.0	1.4905898571014404
232245673.0	1.4938910007476807
232245673.0	1.497709035873413
232245673.0	1.5000479221343994
232245673.0	1.5023958683013916
232245673.0	1.5050559043884277
232245673.0	1.5073258876800537
232245673.0	1.5097510814666748
232245673.0	1.512253999710083
232245673.0	1.514801025390625
232245673.0	1.5171678066253662
232245673.0	1.5194470882415771
232245673.0	1.5216939449310303
232245673.0	1.524357795715332
232245673.0	1.5268611907958984
232245673.0	1.5295171737670898
232245673.0	1.532057762145996
232245673.0	1.5343081951141357
232245673.0	1.5365498065948486
232245673.0	1.5387771129608154
232245673.0	1.5410139560699463
232245673.0	1.5433368682861328
232245673.0	1.5464200973510742
232245673.0	1.5491421222686768
232245673.0	1.5514497756958008
232245673.0	1.5538041591644287
232245673.0	1.556100845336914
232245673.0	1.5585730075836182
232245673.0	1.5611131191253662
232245673.0	1.563662052154541
232245673.0	1.5661802291870117
232245673.0	1.5684340000152588
232245673.0	1.5706591606140137
232245673.0	1.573228120803833
232245673.0	1.5756139755249023
232245673.0	1.5781481266021729
232245673.0	1.5809240341186523
232245673.0	1.5834310054779053
232245673.0	1.5856587886810303
232245673.0	1.5878829956054688
232245673.0	1.5902190208435059
232245673.0	1.5924999713897705
232245673.0	1.594972848892212
232245673.0	1.5977180004119873
232245673.0	1.6001269817352295
232245673.0	1.6023991107940674
232245673.0	1.604604959487915
232245673.0	1.6068439483642578
232245673.0	1.6091020107269287
232245673.0	1.6117229461669922
232245673.0	1.6142778396606445
232245673.0	1.6166789531707764
232245673.0	1.6189398765563965
232245673.0	1.6212007999420166
232245673.0	1.6236307621002197
232245673.0	1.6259899139404297
232245673.0	1.6286211013793945
232245673.0	1.6315348148345947
232245673.0	1.6339211463928223
232245673.0	1.6362049579620361
232245673.0	1.638679027557373
232245673.0	1.6415610313415527
232245673.0	1.6438789367675781
232245673.0	1.6469690799713135
232245673.0	1.6493580341339111
232245673.0	1.6515908241271973
232245673.0	1.6538240909576416
232245673.0	1.6562068462371826
232245673.0	1.6584651470184326
232245673.0	1.660949945449829
232245673.0	1.6635510921478271
232245673.0	1.6659419536590576
232245673.0	1.6681568622589111
232245673.0	1.6703739166259766
232245673.0	1.6727709770202637
232245673.0	1.674990177154541
232245673.0	1.6773669719696045
232245673.0	1.680413007736206
232245673.0	1.6828558444976807
232245673.0	1.6851210594177246
232245673.0	1.6874089241027832
232245673.0	1.6898460388183594
232245673.0	1.6920180320739746
232245673.0	1.6942920684814453
232245673.0	1.697279930114746
232245673.0	1.6997058391571045
232245673.0	1.7019100189208984
232245673.0	1.704214096069336
232245673.0	1.7064869403839111
232245673.0	1.7086999416351318
232245673.0	1.7111680507659912
232245673.0	1.7139248847961426
232245673.0	1.716275930404663
232245673.0	1.7185559272766113
232245673.0	1.7208759784698486
232245673.0	1.7231910228729248
232245673.0	1.7254531383514404
232245673.0	1.7282118797302246
232245673.0	1.7308738231658936
232245673.0	1.7331750392913818
232245673.0	1.7353789806365967
232245673.0	1.7377979755401611
232245673.0	1.7400999069213867
232245673.0	1.7423369884490967
232245673.0	1.7453241348266602
232245673.0	1.7477288246154785
232245673.0	1.7499749660491943
232245673.0	1.7525057792663574
232245673.0	1.75478196144104
232245673.0	1.757101058959961
232245673.0	1.7594051361083984
232245673.0	1.7627348899841309
232245673.0	1.7650949954986572
232245673.0	1.7672879695892334
232245673.0	1.7697758674621582
232245673.0	1.772097110748291
232245673.0	1.77435302734375
232245673.0	1.7771551609039307
232245673.0	1.7797439098358154
232245673.0	1.7821860313415527
232245673.0	1.7846789360046387
232245673.0	1.7869350910186768
232245673.0	1.7892911434173584
232245673.0	1.7918610572814941
232245673.0	1.795130968093872
232245673.0	1.7976799011230469
232245673.0	1.8004748821258545
232245673.0	1.802765130996704
232245673.0	1.8049819469451904
232245673.0	1.8072030544281006
232245673.0	1.8108081817626953
232245673.0	1.8136329650878906
232245673.0	1.8164129257202148
232245673.0	1.8188319206237793
232245673.0	1.8210840225219727
232245673.0	1.823333978652954
232245673.0	1.825852870941162
232245673.0	1.8282370567321777
232245673.0	1.8309760093688965
232245673.0	1.833871841430664
232245673.0	1.836374044418335
232245673.0	1.8386108875274658
232245673.0	1.8412079811096191
232245673.0	1.8434817790985107
232245673.0	1.846064805984497
232245673.0	1.8489439487457275
232245673.0	1.8514230251312256
232245673.0	1.8536467552185059
232245673.0	1.8558640480041504
232245673.0	1.8583660125732422
232245673.0	1.8608579635620117
232245673.0	1.8636040687561035
232245673.0	1.8661909103393555
232245673.0	1.8684639930725098
232245673.0	1.870661973953247
232245673.0	1.873093843460083
232245673.0	1.8753089904785156
232245673.0	1.8778119087219238
232245673.0	1.880262851715088
232245673.0	1.8829879760742188
232245673.0	1.8851981163024902
232245673.0	1.8873910903930664
232245673.0	1.889859914779663
232245673.0	1.8922297954559326
232245673.0	1.894806146621704
232245673.0	1.8976519107818604
232245673.0	1.900163173675537
232245673.0	1.902381181716919
232245673.0	1.9047880172729492
232245673.0	1.9070940017700195
232245673.0	1.9093210697174072
232245673.0	1.9118621349334717
232245673.0	1.9144830703735352
232245673.0	1.9168169498443604
232245673.0	1.9190499782562256
232245673.0	1.9215219020843506
232245673.0	1.923865795135498
232245673.0	1.9261398315429688
232245673.0	1.9290199279785156
232245673.0	1.9313600063323975
232245673.0	1.9337379932403564
232245673.0	1.9360570907592773
232245673.0	1.9383580684661865
232245673.0	1.9405808448791504
232245673.0	1.9427897930145264
232245673.0	1.945274829864502
232245673.0	1.9477019309997559
232245673.0	1.9499809741973877
232245673.0	1.9522650241851807
232245673.0	1.9546029567718506
232245673.0	1.9568240642547607
232245673.0	1.9590158462524414
232245673.0	1.9615349769592285
232245673.0	1.9640140533447266
232245673.0	1.9663660526275635
232245673.0	1.9686479568481445
232245673.0	1.970945119857788
232245673.0	1.9731879234313965
232245673.0	1.9754528999328613
232245673.0	1.9779551029205322
232245673.0	1.9806499481201172
232245673.0	1.9828600883483887
232245673.0	1.9850208759307861
232245673.0	1.9873180389404297
232245673.0	1.989577054977417
232245673.0	1.991804838180542
232245673.0	1.9943077564239502
232245673.0	1.9966840744018555
232245673.0	1.999047040939331
232245673.0	2.001300096511841
232245673.0	2.0035560131073
232245673.0	2.0058629512786865
232245673.0	2.008042097091675
232245673.0	2.010342836380005
232245673.0	2.0128140449523926
232245673.0	2.015133857727051
232245673.0	2.017343044281006
232245673.0	2.019543170928955
232245673.0	2.0218069553375244
232245673.0	2.0240578651428223
232245673.0	2.0263748168945312
232245673.0	2.0291359424591064
232245673.0	2.0315730571746826
232245673.0	2.033777952194214
232245673.0	2.036086082458496
232245673.0	2.038372039794922
232245673.0	2.04061222076416
232245673.0	2.042949914932251
232245673.0	2.0455539226531982
232245673.0	2.0480780601501465
232245673.0	2.0503571033477783
232245673.0	2.0526199340820312
232245673.0	2.0553531646728516
232245673.0	2.057620048522949
232245673.0	2.059922933578491
232245673.0	2.0627288818359375
232245673.0	2.065351963043213
232245673.0	2.067625045776367
232245673.0	2.070073127746582
232245673.0	2.0722999572753906
232245673.0	2.0746288299560547
232245673.0	2.07696795463562
232245673.0	2.079664945602417
232245673.0	2.082073211669922
232245673.0	2.084372043609619
232245673.0	2.086632013320923
232245673.0	2.088979959487915
232245673.0	2.091254949569702
232245673.0	2.0935781002044678
232245673.0	2.0960819721221924
232245673.0	2.098457098007202
232245673.0	2.1007161140441895
232245673.0	2.1029269695281982
232245673.0	2.1051599979400635
232245673.0	2.107322931289673
232245673.0	2.1095428466796875
232245673.0	2.1121580600738525
232245673.0	2.1145858764648438
232245673.0	2.116846799850464
232245673.0	2.1190989017486572
232245673.0	2.121428966522217
232245673.0	2.123689889907837
232245673.0	2.125885009765625
232245673.0	2.1283771991729736
232245673.0	2.1309750080108643
232245673.0	2.133208990097046
232245673.0	2.135427951812744
232245673.0	2.1377270221710205
232245673.0	2.139936923980713
232245673.0	2.1421470642089844
232245673.0	2.145003080368042
232245673.0	2.1474850177764893
232245673.0	2.1497128009796143
232245673.0	2.1519298553466797
232245673.0	2.1541571617126465
232245673.0	2.1564228534698486
232245673.0	2.15867018699646
232245673.0	2.1610870361328125
232245673.0	2.1634340286254883
232245673.0	2.165858030319214
232245673.0	2.168149948120117
232245673.0	2.170560121536255
232245673.0	2.1728241443634033
232245673.0	2.175075054168701
232245673.0	2.177583932876587
232245673.0	2.1799187660217285
232245673.0	2.182281017303467
232245673.0	2.1844780445098877
232245673.0	2.186746835708618
232245673.0	2.189012050628662
232245673.0	2.1912589073181152
232245673.0	2.1936399936676025
232245673.0	2.1960880756378174
232245673.0	2.198438882827759
232245673.0	2.200669050216675
232245673.0	2.2028820514678955
232245673.0	2.20511794090271
232245673.0	2.207345962524414
232245673.0	2.2095930576324463
232245673.0	2.2120718955993652
232245673.0	2.214427947998047
232245673.0	2.216702938079834
232245673.0	2.2189419269561768
232245673.0	2.221263885498047
232245673.0	2.2234811782836914
232245673.0	2.2257769107818604
232245673.0	2.228261947631836
232245673.0	2.2309298515319824
232245673.0	2.2331669330596924
232245673.0	2.235369920730591
232245673.0	2.237722873687744
232245673.0	2.2399799823760986
232245673.0	2.2422311305999756
232245673.0	2.2447550296783447
232245673.0	2.247143030166626
232245673.0	2.2493739128112793
232245673.0	2.2515509128570557
232245673.0	2.2538349628448486
232245673.0	2.256103992462158
232245673.0	2.2583539485931396
232245673.0	2.260798931121826
232245673.0	2.2632241249084473
232245673.0	2.265617847442627
232245673.0	2.2678658962249756
232245673.0	2.2702269554138184
232245673.0	2.2725019454956055
232245673.0	2.2748279571533203
232245673.0	2.2775070667266846
232245673.0	2.2801899909973145
232245673.0	2.2827720642089844
232245673.0	2.285033941268921
232245673.0	2.287620782852173
232245673.0	2.2898738384246826
232245673.0	2.292107105255127
232245673.0	2.294534921646118
232245673.0	2.2971608638763428
232245673.0	2.299654006958008
232245673.0	2.301884889602661
232245673.0	2.304286003112793
232245673.0	2.306586980819702
232245673.0	2.3090271949768066
232245673.0	2.3115861415863037
232245673.0	2.313966751098633
232245673.0	2.3163928985595703
232245673.0	2.318638801574707
232245673.0	2.320876121520996
232245673.0	2.3231968879699707
232245673.0	2.3254189491271973
232245673.0	2.3280038833618164
232245673.0	2.330531120300293
232245673.0	2.332805871963501
232245673.0	2.335052967071533
232245673.0	2.33754301071167
232245673.0	2.3397860527038574
232245673.0	2.3419981002807617
232245673.0	2.3442680835723877
232245673.0	2.3467719554901123
232245673.0	2.3491909503936768
232245673.0	2.351423978805542
232245673.0	2.3537490367889404
232245673.0	2.356009006500244
232245673.0	2.3582708835601807
232245673.0	2.3605198860168457
232245673.0	2.3628809452056885
232245673.0	2.3653299808502197
232245673.0	2.3675999641418457
232245673.0	2.3698618412017822
232245673.0	2.3721301555633545
232245673.0	2.374356985092163
232245673.0	2.3768908977508545
232245673.0	2.379546880722046
232245673.0	2.38226580619812
232245673.0	2.3844070434570312
232245673.0	2.3865721225738525
232245673.0	2.388766050338745
232245673.0	2.3909828662872314
232245673.0	2.3931961059570312
232245673.0	2.3955578804016113
232245673.0	2.3979599475860596
232245673.0	2.400223970413208
232245673.0	2.402466058731079
232245673.0	2.4047350883483887
232245673.0	2.4070138931274414
232245673.0	2.4092469215393066
232245673.0	2.4115798473358154
232245673.0	2.4140138626098633
232245673.0	2.4162850379943848
232245673.0	2.418524980545044
232245673.0	2.420761823654175
232245673.0	2.423001766204834
232245673.0	2.42523193359375
232245673.0	2.4275259971618652
232245673.0	2.429953098297119
232245673.0	2.4322750568389893
232245673.0	2.4344639778137207
232245673.0	2.4366378784179688
232245673.0	2.4388349056243896
232245673.0	2.4410250186920166
232245673.0	2.4432098865509033
232245673.0	2.4456989765167236
232245673.0	2.44803786277771
232245673.0	2.450282096862793
232245673.0	2.4525229930877686
232245673.0	2.4547810554504395
232245673.0	2.4570319652557373
232245673.0	2.4593000411987305
232245673.0	2.4616241455078125
232245673.0	2.4640560150146484
232245673.0	2.466560125350952
232245673.0	2.4688148498535156
232245673.0	2.471039056777954
232245673.0	2.473257064819336
232245673.0	2.4755709171295166
232245673.0	2.4779248237609863
232245673.0	2.4803788661956787
232245673.0	2.4827980995178223
232245673.0	2.485028028488159
232245673.0	2.487259864807129
232245673.0	2.4894979000091553
232245673.0	2.491960048675537
232245673.0	2.4943149089813232
232245673.0	2.496764898300171
232245673.0	2.499109983444214
232245673.0	2.5014469623565674
232245673.0	2.5037379264831543
232245673.0	2.5062921047210693
232245673.0	2.5086331367492676
232245673.0	2.5110158920288086
232245673.0	2.5141680240631104
232245673.0	2.5170669555664062
232245673.0	2.5196969509124756
232245673.0	2.5220558643341064
232245673.0	2.5246658325195312
232245673.0	2.5270309448242188
232245673.0	2.5294289588928223
232245673.0	2.5323569774627686
232245673.0	2.5348260402679443
232245673.0	2.537214994430542
232245673.0	2.5399858951568604
232245673.0	2.542595148086548
232245673.0	2.545294761657715
232245673.0	2.5477399826049805
232245673.0	2.550204038619995
232245673.0	2.5524990558624268
232245673.0	2.555104970932007
232245673.0	2.557408094406128
232245673.0	2.559696912765503
232245673.0	2.562282085418701
232245673.0	2.5647149085998535
232245673.0	2.567054033279419
232245673.0	2.569514036178589
232245673.0	2.5719738006591797
232245673.0	2.57425594329834
232245673.0	2.576539993286133
232245673.0	2.5793631076812744
232245673.0	2.5819342136383057
232245673.0	2.5843188762664795
232245673.0	2.586743116378784
232245673.0	2.5890607833862305
232245673.0	2.5913469791412354
232245673.0	2.5936388969421387
232245673.0	2.596242904663086
232245673.0	2.598728895187378
232245673.0	2.6011760234832764
232245673.0	2.603598117828369
232245673.0	2.605928897857666
232245673.0	2.608211040496826
232245673.0	2.6107778549194336
232245673.0	2.61340594291687
232245673.0	2.6158640384674072
232245673.0	2.618191957473755
232245673.0	2.6207239627838135
232245673.0	2.6230239868164062
232245673.0	2.62532901763916
232245673.0	2.627700090408325
232245673.0	2.63017201423645
232245673.0	2.632607936859131
232245673.0	2.634866952896118
232245673.0	2.6370880603790283
232245673.0	2.6393778324127197
232245673.0	2.6419169902801514
232245673.0	2.6443138122558594
232245673.0	2.646671772003174
232245673.0	2.6489670276641846
232245673.0	2.6516900062561035
232245673.0	2.654046058654785
232245673.0	2.656348943710327
232245673.0	2.658653974533081
232245673.0	2.6609690189361572
232245673.0	2.663274049758911
232245673.0	2.6655778884887695
232245673.0	2.667863130569458
232245673.0	2.6701560020446777
232245673.0	2.67244291305542
232245673.0	2.674867868423462
232245673.0	2.677290916442871
232245673.0	2.679633855819702
232245673.0	2.6820549964904785
232245673.0	2.684358835220337
232245673.0	2.686734914779663
232245673.0	2.6890640258789062
232245673.0	2.6913840770721436
232245673.0	2.693696975708008
232245673.0	2.6961867809295654
232245673.0	2.698417901992798
232245673.0	2.7006421089172363
232245673.0	2.702846050262451
232245673.0	2.7051022052764893
232245673.0	2.7073259353637695
232245673.0	2.7095839977264404
232245673.0	2.7118499279022217
232245673.0	2.7140579223632812
232245673.0	2.7162580490112305
232245673.0	2.7184908390045166
232245673.0	2.720676898956299
232245673.0	2.7228198051452637
232245673.0	2.724961042404175
232245673.0	2.7271370887756348
232245673.0	2.7293078899383545
232245673.0	2.731459140777588
232245673.0	2.733593225479126
232245673.0	2.7357728481292725
232245673.0	2.738163948059082
232245673.0	2.740325927734375
232245673.0	2.7425851821899414
232245673.0	2.7452611923217773
232245673.0	2.7478060722351074
232245673.0	2.7512359619140625
232245673.0	2.753472089767456
232245673.0	2.7557120323181152
232245673.0	2.757965087890625
232245673.0	2.7602691650390625
232245673.0	2.7628989219665527
232245673.0	2.7654221057891846
232245673.0	2.7677249908447266
