error	run_time
31032454117.5	0.0
30660797612.5	0.005243062973022461
30362023161.0	0.011133909225463867
30206882001.5	0.016419172286987305
29715882922.5	0.021670818328857422
29505817036.0	0.027094125747680664
29277828866.5	0.03215479850769043
28939135757.5	0.037461042404174805
28844194353.5	0.04281806945800781
28598060031.0	0.04787898063659668
28409289459.0	0.05283498764038086
28320772126.0	0.05796003341674805
28111241706.5	0.06310915946960449
27935500492.5	0.06810498237609863
27703153250.5	0.07304811477661133
27393748554.5	0.07812094688415527
27081992026.0	0.08301901817321777
26775739065.0	0.08792591094970703
26496023782.5	0.09294700622558594
26314793427.5	0.09893512725830078
26082026038.5	0.10431694984436035
25955102081.0	0.11026787757873535
25860945771.5	0.11576008796691895
25788839570.5	0.12107396125793457
25439116418.0	0.1267259120941162
25227235681.0	0.13237714767456055
24865893851.0	0.13767099380493164
24718139475.5	0.1428389549255371
24523674329.5	0.14818692207336426
24383594030.5	0.15337395668029785
24233159157.5	0.15861105918884277
24073803737.5	0.16374802589416504
23870203968.0	0.16888093948364258
23673567622.0	0.17389321327209473
23397104087.0	0.17894911766052246
23233293476.5	0.18395209312438965
23075812128.5	0.18938708305358887
22927822231.5	0.19427704811096191
22818424182.5	0.1995689868927002
22503409359.0	0.20453715324401855
22283500784.0	0.2100081443786621
22050116017.0	0.2150280475616455
21872061979.5	0.22003722190856934
21818303669.5	0.22503089904785156
21540195512.0	0.23017501831054688
21418629198.0	0.2351059913635254
21291753300.0	0.24001002311706543
21174972730.0	0.24486613273620605
21042538127.5	0.2501702308654785
21020701497.5	0.2549910545349121
20911488369.0	0.25989198684692383
20833920681.0	0.2647731304168701
20691893490.0	0.270139217376709
20633147766.5	0.2748439311981201
20562518212.5	0.27974820137023926
20331956671.0	0.284592866897583
20273743064.0	0.28996896743774414
20194915918.0	0.2949051856994629
20044251126.0	0.2998530864715576
19943678589.0	0.3047218322753906
19739908829.0	0.3101480007171631
19717480858.0	0.3149399757385254
19591499412.0	0.31994199752807617
19555918856.0	0.32521796226501465
19505137139.0	0.3304271697998047
19487338467.0	0.33578014373779297
19376406639.0	0.34081506729125977
19341625378.0	0.34578800201416016
19266093266.5	0.35100603103637695
19210727256.5	0.35599207878112793
19210727256.5	0.36037611961364746
19144154720.5	0.3653571605682373
19118692676.5	0.3708019256591797
18974338832.5	0.37574195861816406
18929561627.5	0.38073301315307617
18867330299.5	0.38573384284973145
18733275281.5	0.39118409156799316
18643198191.5	0.39609813690185547
18559586037.5	0.40093398094177246
18547778511.5	0.40578699111938477
18514062739.5	0.4112210273742676
18418317801.5	0.41605186462402344
18404439940.5	0.4208838939666748
18339734262.5	0.4258308410644531
18307196533.0	0.4311330318450928
18307196533.0	0.43542909622192383
18230896626.5	0.4404430389404297
18230896626.5	0.44478416442871094
18182298827.5	0.4501330852508545
18070157196.5	0.455049991607666
18017017812.0	0.4599459171295166
17996096456.0	0.46480679512023926
17914274946.0	0.4703328609466553
17878181765.0	0.47524094581604004
17878181765.0	0.47956299781799316
17877579110.0	0.48451781272888184
17863291136.0	0.49037790298461914
17850769403.0	0.4955110549926758
17792427623.0	0.5006399154663086
17722961292.0	0.5056450366973877
17722961292.0	0.5103611946105957
17721586034.0	0.5154600143432617
17656256102.0	0.520982027053833
17656256102.0	0.5266740322113037
17630229456.0	0.5319821834564209
17602749934.0	0.537039041519165
17520072768.0	0.5428421497344971
17497896531.0	0.5483059883117676
17481789111.0	0.5534930229187012
17465955581.0	0.5591259002685547
17433186299.0	0.5646908283233643
17364932079.0	0.5697121620178223
17364932079.0	0.5744519233703613
17310880538.0	0.580024003982544
17238926038.0	0.5852909088134766
17193481454.0	0.5911159515380859
17178942855.0	0.5971488952636719
17174293618.0	0.6045818328857422
17173057674.0	0.613929033279419
17167640179.5	0.623323917388916
17167640179.5	0.6319060325622559
17157101957.5	0.6410400867462158
17157101957.5	0.6491310596466064
17102262635.5	0.658074140548706
17082378798.5	0.6655290126800537
17066420659.5	0.6755409240722656
17059458097.0	0.688391923904419
17049759768.5	0.6981649398803711
17047316014.5	0.7059540748596191
17022445501.5	0.7144730091094971
17012173487.5	0.7234921455383301
16995804224.5	0.7327218055725098
16983658977.5	0.7461929321289062
16954260103.5	0.7539830207824707
16918497077.5	0.763592004776001
16918497077.5	0.7679150104522705
16910838598.5	0.7732820510864258
16903288900.5	0.7811720371246338
16903288900.5	0.7869119644165039
16903288900.5	0.7926771640777588
16903288900.5	0.7982039451599121
16903288900.5	0.8033740520477295
16903288900.5	0.8081719875335693
16903288900.5	0.813270092010498
16891037641.5	0.8199160099029541
16891037641.5	0.8253509998321533
16879664674.5	0.8317980766296387
16857831012.5	0.8382740020751953
16850478153.5	0.843440055847168
16850478153.5	0.848552942276001
16850478153.5	0.8535099029541016
16833217651.5	0.8589069843292236
16803864234.5	0.8644800186157227
16803864234.5	0.8691198825836182
16803864234.5	0.8736140727996826
16777847985.5	0.8791830539703369
16776954081.5	0.8847720623016357
16776954081.5	0.8893618583679199
16776136993.5	0.8947410583496094
16773027027.5	0.8999900817871094
16745454161.5	0.9056198596954346
16745454161.5	0.9106528759002686
16745454161.5	0.9153189659118652
16730795418.5	0.921375036239624
16713135046.5	0.9274981021881104
16711732248.5	0.9328320026397705
16711732248.5	0.9372930526733398
16711732248.5	0.9431459903717041
16704889865.5	0.9491069316864014
16703339821.5	0.9543681144714355
16693076606.0	0.9600539207458496
16666948667.0	0.9653608798980713
16658801742.0	0.9704098701477051
16658801742.0	0.9756219387054443
16658801742.0	0.9802370071411133
16658801742.0	0.985170841217041
16658801742.0	0.9900081157684326
16656452874.0	0.9950010776519775
16649743074.0	1.0003960132598877
16649743074.0	1.0050740242004395
16649743074.0	1.009605884552002
16649743074.0	1.0143730640411377
16649743074.0	1.0188519954681396
16649743074.0	1.0235350131988525
16628488102.0	1.0288000106811523
16628488102.0	1.03340482711792
16623527461.0	1.0385699272155762
16623527461.0	1.0431170463562012
16621517674.0	1.0481829643249512
16613891456.0	1.0532159805297852
16613891456.0	1.0576598644256592
16613891456.0	1.0621051788330078
16596213078.0	1.06699800491333
16593946556.0	1.0724680423736572
16587910288.5	1.078239917755127
16544229616.0	1.0846850872039795
16544229616.0	1.0898120403289795
16542645094.0	1.095329999923706
16542645094.0	1.1004869937896729
16542645094.0	1.1050159931182861
16542645094.0	1.1094629764556885
16536888065.0	1.1147398948669434
16536888065.0	1.1195659637451172
16535238410.0	1.1250050067901611
16518684281.5	1.131687879562378
16513734153.5	1.1368780136108398
16513734153.5	1.1417908668518066
16513734153.5	1.1467788219451904
16513412311.5	1.1517839431762695
16513412311.5	1.1561121940612793
16513412311.5	1.1607639789581299
16513412311.5	1.1654350757598877
16511407246.5	1.170454978942871
16498068560.5	1.1754281520843506
16498068560.5	1.1800649166107178
16498068560.5	1.184523105621338
16495696482.5	1.1895480155944824
16495696482.5	1.1940081119537354
16495696482.5	1.1986820697784424
16492728404.5	1.203711986541748
16492728404.5	1.2081310749053955
16492728404.5	1.2126469612121582
16492728404.5	1.2171950340270996
16492728404.5	1.2219960689544678
16485872075.5	1.2271201610565186
16485872075.5	1.2317140102386475
16485872075.5	1.2362771034240723
16480355069.5	1.241905927658081
16480355069.5	1.2463338375091553
16480355069.5	1.2509398460388184
16480355069.5	1.2554991245269775
16480355069.5	1.2602119445800781
16476886710.5	1.265415906906128
16471422209.5	1.270639181137085
16471422209.5	1.2757680416107178
16471422209.5	1.2804510593414307
16464931721.5	1.2855758666992188
16454417522.5	1.290809154510498
16454417522.5	1.2953150272369385
16454417522.5	1.2998440265655518
16454417522.5	1.304689884185791
16449713686.5	1.310528039932251
16449713686.5	1.3150169849395752
16449713686.5	1.3194169998168945
16434009476.5	1.3244118690490723
16434009476.5	1.3293309211730957
16426879506.5	1.334629774093628
16426879506.5	1.3390259742736816
16426879506.5	1.3439481258392334
16426879506.5	1.348417043685913
16426879506.5	1.3528308868408203
16426879506.5	1.3572609424591064
16426879506.5	1.361724853515625
16418108629.5	1.3665900230407715
16418108629.5	1.371541976928711
16414483977.5	1.3763561248779297
16414483977.5	1.3810789585113525
16414483977.5	1.385761022567749
16407919761.5	1.3907508850097656
16407919761.5	1.3952360153198242
16407919761.5	1.4001238346099854
16407919761.5	1.4044559001922607
16407919761.5	1.4089179039001465
16407919761.5	1.4136288166046143
16407919761.5	1.418138027191162
16403004690.5	1.423171043395996
16403004690.5	1.4275720119476318
16403004690.5	1.4319560527801514
16403004690.5	1.436223030090332
16403004690.5	1.440474033355713
16403004690.5	1.4448120594024658
16400380020.5	1.450242042541504
16400380020.5	1.45458984375
16400380020.5	1.4590368270874023
16400380020.5	1.463371992111206
16400380020.5	1.4676649570465088
16400380020.5	1.4721128940582275
16400380020.5	1.4764130115509033
16382981543.5	1.4812428951263428
16382981543.5	1.4854111671447754
16382981543.5	1.490257978439331
16382981543.5	1.4946870803833008
16382981543.5	1.4990479946136475
16369792001.5	1.504012107849121
16369792001.5	1.5083839893341064
16359097584.5	1.5132999420166016
16359097584.5	1.517524003982544
16359097584.5	1.5217440128326416
16359097584.5	1.525994062423706
16359097584.5	1.5308191776275635
16357591134.5	1.5357019901275635
16357591134.5	1.5400450229644775
16357591134.5	1.5443341732025146
16357591134.5	1.5486688613891602
16357591134.5	1.553001880645752
16311115011.5	1.557776927947998
16304928643.5	1.5626280307769775
16300734424.0	1.5673599243164062
16299492607.0	1.5723600387573242
16299492607.0	1.5766022205352783
16299492607.0	1.5809590816497803
16296572825.0	1.5856928825378418
16295569133.0	1.5912270545959473
16295569133.0	1.5962018966674805
16294796376.0	1.6016221046447754
16294796376.0	1.6063611507415771
16285616146.0	1.6116700172424316
16285616146.0	1.616137981414795
16279456372.0	1.6213979721069336
16279456372.0	1.6260437965393066
16279456372.0	1.6304938793182373
16279456372.0	1.6349701881408691
16269525172.0	1.6401548385620117
16266588606.0	1.6451740264892578
16266588606.0	1.6495931148529053
16266588606.0	1.6539320945739746
16266588606.0	1.6583809852600098
16264322917.0	1.6634299755096436
16261480562.0	1.6683788299560547
16261480562.0	1.6726980209350586
16261084275.0	1.677582025527954
16252806999.0	1.6825330257415771
16252806999.0	1.686823844909668
16252806999.0	1.691037893295288
16252806999.0	1.6952378749847412
16252806999.0	1.6998300552368164
16252806999.0	1.7043259143829346
16252806999.0	1.7083940505981445
16252277558.0	1.7132248878479004
16252277558.0	1.7174839973449707
16252277558.0	1.7219040393829346
16252277558.0	1.7262458801269531
16251338501.0	1.731342077255249
16251338501.0	1.7356538772583008
16251338501.0	1.7399418354034424
16251338501.0	1.7442669868469238
16217154290.0	1.7491960525512695
16217154290.0	1.7535080909729004
16217154290.0	1.757829189300537
16217154290.0	1.7619869709014893
16212697402.0	1.766704797744751
16212697402.0	1.7708320617675781
16212697402.0	1.7750189304351807
16212697402.0	1.779350996017456
16212697402.0	1.783444881439209
16212697402.0	1.7878139019012451
16212697402.0	1.7922189235687256
16212697402.0	1.7965118885040283
16212697402.0	1.8008520603179932
16212697402.0	1.8051400184631348
16206364504.0	1.8098890781402588
16206364504.0	1.8141250610351562
16206364504.0	1.8185760974884033
16206364504.0	1.8227169513702393
16197931186.0	1.8281431198120117
16197931186.0	1.8325090408325195
16197931186.0	1.8367118835449219
16197931186.0	1.8415040969848633
16197931186.0	1.8461940288543701
16197931186.0	1.8504681587219238
16197931186.0	1.8548290729522705
16197931186.0	1.8592519760131836
16197931186.0	1.8636538982391357
16197931186.0	1.8679490089416504
16197931186.0	1.872176170349121
16197931186.0	1.8764019012451172
16197931186.0	1.8806180953979492
16197931186.0	1.884795904159546
16190100062.0	1.8894810676574707
16190100062.0	1.893630027770996
16190100062.0	1.8979451656341553
16190100062.0	1.9021179676055908
16187192663.0	1.9068310260772705
16180835435.0	1.9115560054779053
16180835435.0	1.9158039093017578
16180835435.0	1.9200031757354736
16169566821.0	1.9248549938201904
16169566821.0	1.9293088912963867
16165682581.0	1.934061050415039
16165682581.0	1.9382469654083252
16165682581.0	1.9424149990081787
16165682581.0	1.9465999603271484
16165682581.0	1.9507489204406738
16165682581.0	1.9549131393432617
16162934998.5	1.9597041606903076
16162934998.5	1.9638700485229492
16162934998.5	1.967994213104248
16162934998.5	1.972242832183838
16162934998.5	1.9763891696929932
16161845681.0	1.9814248085021973
16159801578.0	1.9862048625946045
16159801578.0	1.990394115447998
16159801578.0	1.9945988655090332
16159801578.0	1.998777151107788
16159801578.0	2.0030510425567627
16159801578.0	2.0072309970855713
16156276443.0	2.0120179653167725
16146936547.0	2.016709089279175
16123233878.0	2.021623134613037
16123233878.0	2.025789976119995
16109640225.5	2.030694007873535
16109640225.5	2.034917116165161
16109640225.5	2.0396311283111572
16109640225.5	2.044837236404419
16109640225.5	2.049260139465332
16109640225.5	2.0536088943481445
16109640225.5	2.057955026626587
16109640225.5	2.0626120567321777
16109640225.5	2.0673060417175293
16109640225.5	2.071697950363159
16109640225.5	2.0760319232940674
16109640225.5	2.0810348987579346
16106186565.5	2.0861759185791016
16106186565.5	2.0905840396881104
16106186565.5	2.094960927963257
16106186565.5	2.0997560024261475
16106186565.5	2.1043341159820557
16106186565.5	2.1088039875030518
16106186565.5	2.1135029792785645
16106186565.5	2.118303060531616
16106186565.5	2.1228549480438232
16106186565.5	2.1271328926086426
16106070802.5	2.132024049758911
16106070802.5	2.1364850997924805
16106070802.5	2.1409590244293213
16106070802.5	2.1453139781951904
16102478620.5	2.1502981185913086
16088484209.5	2.1551120281219482
16088484209.5	2.159351110458374
16088484209.5	2.163501024246216
16088484209.5	2.1677370071411133
16088484209.5	2.171996831893921
16088484209.5	2.1762869358062744
16088484209.5	2.1805131435394287
16088484209.5	2.184627056121826
16088484209.5	2.188732862472534
16083796354.5	2.193511962890625
16083796354.5	2.1976211071014404
16083796354.5	2.2022969722747803
16083796354.5	2.206450939178467
16083796354.5	2.210718870162964
16083796354.5	2.214970111846924
16083796354.5	2.2192230224609375
16083796354.5	2.2235782146453857
16083796354.5	2.227860927581787
16083796354.5	2.2321510314941406
16081349922.0	2.2369651794433594
16081349922.0	2.241209030151367
16081349922.0	2.2455179691314697
16081349922.0	2.249845027923584
16081349922.0	2.2539608478546143
16081349922.0	2.2581229209899902
16081349922.0	2.2622158527374268
16081349922.0	2.266357898712158
16081349922.0	2.2708590030670166
16081349922.0	2.275094985961914
16081349922.0	2.2799150943756104
16081349922.0	2.2845470905303955
16081349922.0	2.2888681888580322
16081349922.0	2.2932310104370117
16078098744.0	2.298332929611206
16078098744.0	2.303727149963379
16078098744.0	2.3080570697784424
16078098744.0	2.312379837036133
16078098744.0	2.316709041595459
16078098744.0	2.3212599754333496
16078098744.0	2.325659990310669
16078098744.0	2.330212116241455
16078098744.0	2.334653854370117
16078098744.0	2.339456081390381
16078098744.0	2.343869924545288
16078098744.0	2.3482840061187744
16078098744.0	2.3528659343719482
16078098744.0	2.357140064239502
16078098744.0	2.3615870475769043
16078098744.0	2.366001844406128
16078098744.0	2.3703999519348145
16078098744.0	2.3746681213378906
16067442881.0	2.3795461654663086
16067442881.0	2.3836889266967773
16067442881.0	2.387822151184082
16058361282.0	2.392624855041504
16058361282.0	2.3967180252075195
16058361282.0	2.4008569717407227
16057692780.0	2.405622959136963
16055394211.5	2.4105029106140137
16055394211.5	2.4146580696105957
16055394211.5	2.418917179107666
16051950013.5	2.4237329959869385
16051950013.5	2.4282491207122803
16051950013.5	2.432591199874878
16051950013.5	2.4368231296539307
16051950013.5	2.4409778118133545
16051950013.5	2.445197105407715
16051950013.5	2.4494378566741943
16051950013.5	2.453565835952759
16051950013.5	2.4576849937438965
16051950013.5	2.4617819786071777
16051950013.5	2.4659030437469482
16051950013.5	2.4701950550079346
16051950013.5	2.4744389057159424
16051950013.5	2.4787728786468506
16051950013.5	2.483565092086792
16051950013.5	2.488741159439087
16051950013.5	2.4932711124420166
16051950013.5	2.49773907661438
16051950013.5	2.5025861263275146
16051950013.5	2.507620096206665
16051950013.5	2.512099027633667
16051950013.5	2.5164599418640137
16051950013.5	2.5213890075683594
16051950013.5	2.5261690616607666
16051950013.5	2.5306501388549805
16051950013.5	2.535062074661255
16051950013.5	2.539642095565796
16051950013.5	2.5441339015960693
16051950013.5	2.5485970973968506
16051950013.5	2.5530848503112793
16051950013.5	2.5575668811798096
16051950013.5	2.561769962310791
16051950013.5	2.5659780502319336
16051950013.5	2.5702121257781982
16051950013.5	2.5744330883026123
16051950013.5	2.5786728858947754
16051950013.5	2.5828890800476074
16051950013.5	2.5870509147644043
16051950013.5	2.591517925262451
16051950013.5	2.595911979675293
16051950013.5	2.6002049446105957
16051950013.5	2.6045570373535156
16051093292.5	2.609318971633911
16046812742.5	2.6143510341644287
16046812742.5	2.618695020675659
16046812742.5	2.623087167739868
16046812742.5	2.6272408962249756
16046812742.5	2.6316752433776855
16046812742.5	2.63590407371521
16046812742.5	2.6402339935302734
16046812742.5	2.6444690227508545
16046812742.5	2.648798942565918
16046812742.5	2.6531879901885986
16046812742.5	2.657289981842041
16046812742.5	2.66145396232605
16046812742.5	2.6656057834625244
16046812742.5	2.669822931289673
16041122217.5	2.674488067626953
16041122217.5	2.678874969482422
16041122217.5	2.6832709312438965
16041122217.5	2.6874618530273438
16041122217.5	2.6918110847473145
16041122217.5	2.6961231231689453
16041122217.5	2.7005839347839355
16041122217.5	2.7050070762634277
16041122217.5	2.709259033203125
16041122217.5	2.713611125946045
16041122217.5	2.7178292274475098
16041122217.5	2.72196888923645
16041122217.5	2.726149082183838
16041122217.5	2.7307708263397217
16041122217.5	2.735265016555786
16041122217.5	2.7403252124786377
16041122217.5	2.747695207595825
16040249947.5	2.7529280185699463
16040249947.5	2.757473945617676
16040249947.5	2.762019157409668
16040249947.5	2.766396999359131
16040249947.5	2.7707719802856445
16040249947.5	2.775070905685425
16040249947.5	2.7794549465179443
16040249947.5	2.7838268280029297
16040249947.5	2.7881951332092285
16040249947.5	2.7925188541412354
16040249947.5	2.7969510555267334
16038476151.0	2.8021199703216553
16038476151.0	2.8065741062164307
16038476151.0	2.8110930919647217
16038476151.0	2.815509080886841
16038476151.0	2.8201990127563477
16038476151.0	2.8248260021209717
16038476151.0	2.8297128677368164
16038476151.0	2.834299087524414
16038476151.0	2.839266061782837
16038476151.0	2.8439090251922607
16038476151.0	2.8483030796051025
16038476151.0	2.852660894393921
16038476151.0	2.8573620319366455
16038476151.0	2.8618099689483643
16038476151.0	2.866215944290161
16038476151.0	2.870575189590454
16038476151.0	2.875554084777832
16038476151.0	2.879974842071533
16038476151.0	2.884368896484375
16038476151.0	2.8888320922851562
16038476151.0	2.8933019638061523
16038476151.0	2.8977200984954834
16038476151.0	2.902160167694092
16034318698.0	2.9071459770202637
16034318698.0	2.911600112915039
16034318698.0	2.915886163711548
16034318698.0	2.9201200008392334
16034318698.0	2.924298048019409
16034318698.0	2.928662061691284
16034318698.0	2.9333980083465576
16034318698.0	2.938594102859497
16034318698.0	2.9433321952819824
16034318698.0	2.947906017303467
16034318698.0	2.9522390365600586
16034318698.0	2.9565789699554443
16034318698.0	2.96110200881958
16034318698.0	2.9658010005950928
16034318698.0	2.970197916030884
16034318698.0	2.9745421409606934
16034318698.0	2.9789559841156006
16034318698.0	2.983483076095581
16034318698.0	2.987884044647217
16034318698.0	2.992276906967163
16034318698.0	2.996647834777832
16034318698.0	3.0011608600616455
16034318698.0	3.005636215209961
16032873518.0	3.010486125946045
16032873518.0	3.0147929191589355
16032873518.0	3.0191009044647217
16032873518.0	3.0233521461486816
16032873518.0	3.0275309085845947
16032873518.0	3.0318500995635986
16032873518.0	3.0361011028289795
16032873518.0	3.0405619144439697
16032873518.0	3.044926881790161
16032873518.0	3.0492570400238037
16032873518.0	3.0534679889678955
16032873518.0	3.057669162750244
16032873518.0	3.06182599067688
16032873518.0	3.0659589767456055
16028598770.0	3.0706071853637695
16028598770.0	3.0748322010040283
16028598770.0	3.079047918319702
16028598770.0	3.0832571983337402
16028598770.0	3.0876429080963135
16028598770.0	3.091888189315796
16028598770.0	3.0963010787963867
16028598770.0	3.101511001586914
16028598770.0	3.105858087539673
16028598770.0	3.110306978225708
16028598770.0	3.1149351596832275
16028598770.0	3.1193530559539795
16028598770.0	3.1241090297698975
16028598770.0	3.128761053085327
16028598770.0	3.1331918239593506
16028598770.0	3.1376090049743652
16028598770.0	3.1421351432800293
16028598770.0	3.1465489864349365
16028598770.0	3.1509921550750732
16028598770.0	3.155282974243164
16028598770.0	3.1595470905303955
16028598770.0	3.1638050079345703
16028598770.0	3.1680572032928467
16028598770.0	3.1723499298095703
16017741843.0	3.1771860122680664
16017741843.0	3.1815569400787354
16017741843.0	3.1859519481658936
16017741843.0	3.1902971267700195
16017741843.0	3.1946728229522705
16017741843.0	3.1990320682525635
16017741843.0	3.203700065612793
16017741843.0	3.207988977432251
16017741843.0	3.212311029434204
16017741843.0	3.2164969444274902
16017741843.0	3.220795154571533
16017741843.0	3.2252421379089355
16017741843.0	3.2298500537872314
16017741843.0	3.234476089477539
16017741843.0	3.2390358448028564
16017741843.0	3.243401050567627
16017741843.0	3.2477829456329346
16017741843.0	3.2522389888763428
16017741843.0	3.256692886352539
16017741843.0	3.26111102104187
16017741843.0	3.2655229568481445
16017741843.0	3.2698891162872314
16017741843.0	3.2742409706115723
16017741843.0	3.278620958328247
16017741843.0	3.282951831817627
16017741843.0	3.287299156188965
16017741843.0	3.2916789054870605
16017741843.0	3.2960569858551025
16017741843.0	3.300495147705078
16017741843.0	3.3047921657562256
16017741843.0	3.309091091156006
16017741843.0	3.313399076461792
16017741843.0	3.317652940750122
16017741843.0	3.321887969970703
16017741843.0	3.3261938095092773
16017741843.0	3.330857992172241
16017741843.0	3.335426092147827
16017741843.0	3.3409860134124756
16017741843.0	3.3460049629211426
16017741843.0	3.350770950317383
16017741843.0	3.3552298545837402
16017741843.0	3.359973907470703
16017741843.0	3.364670991897583
16017741843.0	3.3691530227661133
16017741843.0	3.373772144317627
16017741843.0	3.378603935241699
16017741843.0	3.384788990020752
16017741843.0	3.389580011367798
16017741843.0	3.394200086593628
16017741843.0	3.398838996887207
16017741843.0	3.4034979343414307
16017741843.0	3.4083588123321533
16017741843.0	3.4128780364990234
16017741843.0	3.417289972305298
16017741843.0	3.4221041202545166
16017741843.0	3.4267570972442627
16017741843.0	3.4314448833465576
16017741843.0	3.4358839988708496
16017741843.0	3.4406750202178955
16017741843.0	3.4455769062042236
16017741843.0	3.4500269889831543
16017741843.0	3.4545469284057617
16017741843.0	3.458962917327881
16017741843.0	3.4634318351745605
16017741843.0	3.468357801437378
16017741843.0	3.473008155822754
16017741843.0	3.477476119995117
16017741843.0	3.482103109359741
16017741843.0	3.48714017868042
16017741843.0	3.4920880794525146
16017741843.0	3.496608018875122
16017741843.0	3.501281976699829
15992817720.0	3.5067808628082275
15991770854.0	3.5122628211975098
15979232719.0	3.5173239707946777
15979232719.0	3.522057056427002
15979232719.0	3.527146100997925
15979232719.0	3.5319600105285645
15979232719.0	3.536597967147827
15979232719.0	3.541234016418457
15979232719.0	3.546175003051758
15979232719.0	3.551114082336426
15979232719.0	3.5555388927459717
15979232719.0	3.5600950717926025
15979232719.0	3.565296173095703
15979232719.0	3.570168972015381
15979232719.0	3.5748589038848877
15979232719.0	3.579399824142456
15979232719.0	3.584351062774658
15979232719.0	3.589301109313965
15979232719.0	3.593989849090576
15979232719.0	3.5985500812530518
15979232719.0	3.603173017501831
15979232719.0	3.6081950664520264
15979232719.0	3.6131510734558105
15979232719.0	3.6175899505615234
15979232719.0	3.6225459575653076
15979232719.0	3.627379894256592
15979232719.0	3.6322901248931885
15979232719.0	3.6367568969726562
15979232719.0	3.641515016555786
15979232719.0	3.6466259956359863
15979232719.0	3.6514229774475098
15979232719.0	3.6559560298919678
15979232719.0	3.6606240272521973
15979232719.0	3.6657238006591797
15979232719.0	3.670419931411743
15979232719.0	3.6748101711273193
15979232719.0	3.6795578002929688
15979232719.0	3.684152126312256
15979232719.0	3.689157009124756
15979232719.0	3.6939890384674072
15979232719.0	3.698402166366577
15979232719.0	3.703226089477539
15979232719.0	3.7079989910125732
15979232719.0	3.7124760150909424
15979232719.0	3.716916084289551
15979232719.0	3.721652030944824
15979232719.0	3.726818084716797
15979232719.0	3.7314181327819824
15979232719.0	3.735963821411133
15979232719.0	3.740474224090576
15979232719.0	3.74562406539917
15979232719.0	3.7505760192871094
15979232719.0	3.7550220489501953
15979232719.0	3.7596609592437744
15979232719.0	3.7642428874969482
15979232719.0	3.7694509029388428
15979232719.0	3.7742130756378174
15979232719.0	3.7788589000701904
15979232719.0	3.783539056777954
15979232719.0	3.7884411811828613
15979232719.0	3.7933220863342285
15979232719.0	3.7977240085601807
15979232719.0	3.8024661540985107
15979232719.0	3.808037042617798
15979232719.0	3.814868927001953
15979232719.0	3.8201780319213867
15979232719.0	3.8252921104431152
15979232719.0	3.8305411338806152
15979232719.0	3.8356568813323975
15979232719.0	3.8403639793395996
15979232719.0	3.845093011856079
15979232719.0	3.850703001022339
15979232719.0	3.8553011417388916
15979232719.0	3.8599941730499268
15979232719.0	3.865694046020508
15979232719.0	3.870698928833008
15979232719.0	3.8751699924468994
15979232719.0	3.8797528743743896
15979232719.0	3.8847780227661133
15979232719.0	3.8895649909973145
15979232719.0	3.894016981124878
15979232719.0	3.898592948913574
15979232719.0	3.9035539627075195
15979232719.0	3.908381938934326
15979232719.0	3.9129509925842285
15979232719.0	3.917396068572998
15979232719.0	3.9222400188446045
15979232719.0	3.9266512393951416
15979232719.0	3.93100905418396
15979232719.0	3.9353559017181396
15979232719.0	3.9397530555725098
15979232719.0	3.9441449642181396
15979232719.0	3.9485340118408203
15979232719.0	3.9530980587005615
15979232719.0	3.9575412273406982
15979232719.0	3.9620931148529053
15979232719.0	3.9665520191192627
15979232719.0	3.970970869064331
15979232719.0	3.9752559661865234
15979232719.0	3.9795639514923096
15979232719.0	3.9840078353881836
15979232719.0	3.9882659912109375
15979232719.0	3.9926040172576904
15979232719.0	3.996859073638916
15979232719.0	4.001274108886719
15979232719.0	4.005437850952148
15979232719.0	4.009904146194458
15975414097.0	4.014799118041992
15975414097.0	4.019061088562012
15975414097.0	4.023360967636108
15975414097.0	4.0276360511779785
15975414097.0	4.034129858016968
15975414097.0	4.0398850440979
15975414097.0	4.044558048248291
15975414097.0	4.049456834793091
15975414097.0	4.054051160812378
15975414097.0	4.058620929718018
15975414097.0	4.063424110412598
15975414097.0	4.067892074584961
15975414097.0	4.07238507270813
15975414097.0	4.0767951011657715
15975414097.0	4.081294059753418
15975414097.0	4.08617901802063
15975414097.0	4.090707063674927
15975414097.0	4.095165967941284
15975414097.0	4.099994897842407
15975414097.0	4.104816198348999
15975414097.0	4.109143972396851
15975414097.0	4.113767862319946
15975414097.0	4.1184351444244385
15975414097.0	4.123445987701416
15975414097.0	4.1279520988464355
15975414097.0	4.132392883300781
15975414097.0	4.137006044387817
15975414097.0	4.141563177108765
15975414097.0	4.146054983139038
15975414097.0	4.1505348682403564
15975414097.0	4.155214071273804
15975414097.0	4.1597700119018555
15975414097.0	4.164140939712524
15975414097.0	4.168642044067383
15975414097.0	4.173044919967651
15975414097.0	4.177633047103882
15975414097.0	4.181968927383423
15975414097.0	4.186443090438843
15975414097.0	4.191116094589233
15975414097.0	4.195394039154053
15975414097.0	4.200205087661743
15975414097.0	4.204680919647217
15975414097.0	4.209136962890625
15975414097.0	4.2135329246521
15975414097.0	4.218029975891113
15975414097.0	4.2225730419158936
15975414097.0	4.227475881576538
15975414097.0	4.232420206069946
15975414097.0	4.237051248550415
15975414097.0	4.241840839385986
15975414097.0	4.246672868728638
15975414097.0	4.251269102096558
15975414097.0	4.256267070770264
15975414097.0	4.260922193527222
15975414097.0	4.265582084655762
15975414097.0	4.27006196975708
15975414097.0	4.2747111320495605
15975414097.0	4.279391050338745
15975414097.0	4.283859014511108
15975414097.0	4.28840708732605
15975414097.0	4.292886018753052
15975414097.0	4.297350883483887
15975414097.0	4.301860094070435
15975414097.0	4.3063201904296875
15975414097.0	4.3105480670928955
15975414097.0	4.315098762512207
15975414097.0	4.3201751708984375
15975414097.0	4.324887037277222
15975414097.0	4.32952094078064
15975414097.0	4.334262132644653
15975414097.0	4.338801860809326
15975414097.0	4.343844175338745
15975414097.0	4.34856390953064
15975414097.0	4.353186130523682
15975414097.0	4.357661962509155
15975414097.0	4.3625688552856445
15975414097.0	4.3672919273376465
15975414097.0	4.371974945068359
15975414097.0	4.376439094543457
15975414097.0	4.38094687461853
15975414097.0	4.3854820728302
15975414097.0	4.38985013961792
15975414097.0	4.394384145736694
15975414097.0	4.398778200149536
15975414097.0	4.403264999389648
15975414097.0	4.407680034637451
15975414097.0	4.412258148193359
15975414097.0	4.417018175125122
15975414097.0	4.4216859340667725
15975414097.0	4.42616605758667
15975414097.0	4.430600881576538
15975414097.0	4.435216903686523
15975414097.0	4.439845085144043
15975414097.0	4.444674015045166
15975414097.0	4.449203968048096
15975414097.0	4.453641891479492
15975414097.0	4.458154916763306
15975414097.0	4.463263034820557
15975414097.0	4.467771053314209
15975414097.0	4.4723451137542725
15975414097.0	4.476793050765991
15975414097.0	4.481370210647583
15975414097.0	4.485819101333618
15975414097.0	4.490255117416382
15975414097.0	4.494668960571289
15975414097.0	4.499176979064941
15975414097.0	4.503525972366333
15975414097.0	4.507883071899414
15975414097.0	4.512434005737305
15975414097.0	4.516708135604858
15975414097.0	4.521121978759766
15975414097.0	4.525390148162842
15975414097.0	4.529942035675049
15975414097.0	4.5342888832092285
15975414097.0	4.538620948791504
15975414097.0	4.543120861053467
15975414097.0	4.547573089599609
15975414097.0	4.551982164382935
15975414097.0	4.5566699504852295
15975414097.0	4.56141996383667
15975414097.0	4.565747976303101
15975414097.0	4.570350170135498
15975414097.0	4.574774980545044
15975414097.0	4.5792319774627686
15975414097.0	4.58379602432251
15975414097.0	4.588369846343994
15975414097.0	4.592832088470459
15975414097.0	4.5972900390625
15975414097.0	4.601659059524536
15975414097.0	4.605937957763672
15975414097.0	4.6104230880737305
15975414097.0	4.6149492263793945
15975414097.0	4.619439125061035
15975414097.0	4.624449968338013
15975414097.0	4.628937005996704
15975414097.0	4.633378982543945
15975414097.0	4.6377739906311035
15975414097.0	4.642693996429443
15975414097.0	4.647062063217163
15975414097.0	4.651443958282471
15975414097.0	4.655704021453857
15975414097.0	4.660247087478638
15975414097.0	4.664833068847656
15975414097.0	4.669388055801392
15975414097.0	4.673852920532227
15975414097.0	4.678373098373413
15975414097.0	4.6828649044036865
15975414097.0	4.687131881713867
15975414097.0	4.691593885421753
15975414097.0	4.695865154266357
15975414097.0	4.700598955154419
15975414097.0	4.705111980438232
15975414097.0	4.7094950675964355
15975414097.0	4.713913202285767
15975414097.0	4.7182981967926025
15975414097.0	4.7226340770721436
15975414097.0	4.726943016052246
15975414097.0	4.731456995010376
15975414097.0	4.735774040222168
15975414097.0	4.7402801513671875
15975414097.0	4.744729995727539
15975414097.0	4.749314069747925
15975414097.0	4.753760099411011
15975414097.0	4.758230924606323
15975414097.0	4.762654066085815
15975414097.0	4.76697301864624
15975414097.0	4.771831035614014
15975414097.0	4.777065992355347
15975414097.0	4.782010078430176
15975414097.0	4.786785125732422
15975414097.0	4.79144287109375
15975414097.0	4.795957088470459
15975414097.0	4.800552845001221
15975414097.0	4.805397987365723
15975414097.0	4.809913158416748
15975414097.0	4.81436014175415
15975414097.0	4.818850040435791
15975414097.0	4.823474884033203
15975414097.0	4.828042984008789
15975414097.0	4.832551956176758
15975414097.0	4.837373971939087
15975414097.0	4.842097997665405
15975414097.0	4.846902132034302
15975414097.0	4.851376056671143
15975414097.0	4.85588002204895
15975414097.0	4.860442161560059
15975414097.0	4.865084886550903
15975414097.0	4.86967396736145
15975414097.0	4.874218940734863
15975414097.0	4.8786890506744385
15975414097.0	4.883168935775757
15975414097.0	4.88749098777771
15975414097.0	4.89185094833374
15975414097.0	4.89614200592041
15975414097.0	4.900592803955078
15975414097.0	4.904829978942871
15975414097.0	4.909239053726196
15975414097.0	4.913741111755371
15975414097.0	4.918040990829468
15975414097.0	4.9223949909210205
15975414097.0	4.92680811882019
15975414097.0	4.931314945220947
15975414097.0	4.9357922077178955
15975414097.0	4.940270185470581
15975414097.0	4.944615840911865
15975414097.0	4.949050188064575
15975414097.0	4.953376054763794
15975414097.0	4.957916975021362
15975414097.0	4.962663888931274
15975414097.0	4.967470169067383
15975414097.0	4.97220516204834
15975414097.0	4.976799964904785
15975414097.0	4.9815239906311035
15975414097.0	4.986536026000977
15975414097.0	4.9908668994903564
15975414097.0	4.995362997055054
15975414097.0	4.9998369216918945
15975414097.0	5.004568099975586
15975414097.0	5.008949041366577
15975414097.0	5.013418912887573
15975414097.0	5.017925977706909
15975414097.0	5.0224690437316895
15975414097.0	5.027036905288696
15975414097.0	5.031505823135376
15975414097.0	5.036128997802734
15975414097.0	5.040585041046143
15975414097.0	5.045061111450195
15975414097.0	5.049491882324219
15975414097.0	5.0540831089019775
15975414097.0	5.058599948883057
15975414097.0	5.06304407119751
15975414097.0	5.067528963088989
15975414097.0	5.07187294960022
15975414097.0	5.0763258934021
15975414097.0	5.080667972564697
15975414097.0	5.0851640701293945
15975414097.0	5.08939790725708
15975414097.0	5.093811988830566
15975414097.0	5.098217010498047
15975414097.0	5.103237152099609
15975414097.0	5.107675790786743
15975414097.0	5.112857103347778
15975414097.0	5.117936134338379
15975414097.0	5.1226208209991455
15975414097.0	5.127132892608643
15975414097.0	5.13176703453064
15975414097.0	5.136560916900635
15975414097.0	5.1412060260772705
15975414097.0	5.145722150802612
15975414097.0	5.150302886962891
15975414097.0	5.154863119125366
15975414097.0	5.159318923950195
15975414097.0	5.163685083389282
15975414097.0	5.168085098266602
15975414097.0	5.172561883926392
15975414097.0	5.1768879890441895
15975414097.0	5.181441068649292
15975414097.0	5.185818910598755
15975414097.0	5.190310001373291
15975414097.0	5.194894075393677
15975414097.0	5.19928503036499
15975414097.0	5.20397686958313
15975414097.0	5.20851993560791
15975414097.0	5.213137865066528
15975414097.0	5.217618942260742
15975414097.0	5.222225904464722
15975414097.0	5.227200984954834
15975414097.0	5.23209810256958
15975414097.0	5.236734867095947
15975414097.0	5.2411949634552
15975414097.0	5.2460479736328125
15975414097.0	5.250737905502319
15975414097.0	5.255293846130371
15975414097.0	5.259986877441406
15975414097.0	5.266000032424927
15975414097.0	5.270691156387329
15975414097.0	5.275176048278809
15975414097.0	5.2796101570129395
15975414097.0	5.284253835678101
15975414097.0	5.288796901702881
15975414097.0	5.293355941772461
15975414097.0	5.297805070877075
15975414097.0	5.302488088607788
15975414097.0	5.307087182998657
15975414097.0	5.311511039733887
15975414097.0	5.316021919250488
15975414097.0	5.320379018783569
15975414097.0	5.324918985366821
15975414097.0	5.329352855682373
15975414097.0	5.333882093429565
15975414097.0	5.338747024536133
15975414097.0	5.3432440757751465
15975414097.0	5.34779691696167
15975414097.0	5.3525590896606445
15975414097.0	5.357109069824219
15975414097.0	5.361552953720093
15975414097.0	5.366109848022461
15975414097.0	5.37070107460022
15975414097.0	5.375185012817383
15975414097.0	5.379642009735107
15975414097.0	5.384003162384033
15975414097.0	5.388474225997925
15975414097.0	5.392979860305786
15975414097.0	5.397463083267212
15975414097.0	5.401865005493164
15975414097.0	5.406296014785767
15975414097.0	5.410638093948364
15975414097.0	5.415124893188477
15975414097.0	5.419504165649414
15975414097.0	5.424032926559448
15975414097.0	5.42874002456665
15975414097.0	5.433276891708374
15975414097.0	5.437797784805298
15975414097.0	5.442309856414795
15975414097.0	5.447050094604492
15975414097.0	5.4520251750946045
15975414097.0	5.456698179244995
15975414097.0	5.461392879486084
15975414097.0	5.466341972351074
15975414097.0	5.471225023269653
15975414097.0	5.475969076156616
15975414097.0	5.480552911758423
15975414097.0	5.485401153564453
15975414097.0	5.490241050720215
15975414097.0	5.494939804077148
15975414097.0	5.499449014663696
15975414097.0	5.504510879516602
15975414097.0	5.5097620487213135
15975414097.0	5.514310836791992
15975414097.0	5.519009113311768
15975414097.0	5.523953914642334
15975414097.0	5.528831958770752
15975414097.0	5.533635139465332
15975414097.0	5.5381529331207275
15975414097.0	5.542981863021851
15975414097.0	5.548383951187134
15975414097.0	5.553153991699219
15975414097.0	5.557877063751221
15975414097.0	5.562480211257935
15975414097.0	5.567435026168823
15975414097.0	5.572283983230591
15975414097.0	5.576802015304565
15975414097.0	5.581439971923828
15975414097.0	5.586505889892578
15975414097.0	5.591549873352051
15975414097.0	5.596111059188843
15975414097.0	5.600697040557861
15975414097.0	5.605475187301636
15975414097.0	5.610252141952515
15975414097.0	5.615182161331177
15975414097.0	5.619667053222656
15975414097.0	5.624510049819946
15975414097.0	5.6296069622039795
15975414097.0	5.63421106338501
15975414097.0	5.638916015625
15975414097.0	5.643718004226685
15975414097.0	5.648513078689575
15975414097.0	5.653329849243164
15975414097.0	5.657883882522583
15975414097.0	5.662736177444458
15975414097.0	5.66776704788208
15975414097.0	5.672714948654175
15975414097.0	5.677328109741211
15975414097.0	5.681933164596558
15975414097.0	5.68695592880249
15975414097.0	5.6917619705200195
15975414097.0	5.69665002822876
15975414097.0	5.701417922973633
15975414097.0	5.706367015838623
15975414097.0	5.7116379737854
15975414097.0	5.716216087341309
15975414097.0	5.720806837081909
15975414097.0	5.725467920303345
15975414097.0	5.73082709312439
15975414097.0	5.735608100891113
15975414097.0	5.740212917327881
15975414097.0	5.7468249797821045
15975414097.0	5.753479957580566
15975414097.0	5.758152008056641
15975414097.0	5.763010025024414
15975414097.0	5.768056154251099
15975414097.0	5.773091077804565
15975414097.0	5.777646064758301
15975414097.0	5.7824671268463135
15975414097.0	5.7873899936676025
15975414097.0	5.792480945587158
15975414097.0	5.797107934951782
15975414097.0	5.801797151565552
15975414097.0	5.807056188583374
15975414097.0	5.8118531703948975
15975414097.0	5.816364049911499
15975414097.0	5.8210790157318115
15975414097.0	5.825962066650391
15975414097.0	5.830952882766724
15975414097.0	5.835748195648193
15975414097.0	5.840846061706543
15975414097.0	5.8456549644470215
15975414097.0	5.850629806518555
15975414097.0	5.855559825897217
15975414097.0	5.86016583442688
15975414097.0	5.864933967590332
15975414097.0	5.870048999786377
15975414097.0	5.874817132949829
15975414097.0	5.87950587272644
15975414097.0	5.88433313369751
15975414097.0	5.88939905166626
15975414097.0	5.894214868545532
15975414097.0	5.898723125457764
15975414097.0	5.903504848480225
15975414097.0	5.908389091491699
15975414097.0	5.913381099700928
15975414097.0	5.917877912521362
15975414097.0	5.922484874725342
15975414097.0	5.927536964416504
15975414097.0	5.9324400424957275
15975414097.0	5.9369730949401855
15975414097.0	5.941733121871948
15975414097.0	5.94682502746582
15975414097.0	5.951894044876099
15975414097.0	5.956438064575195
15975414097.0	5.961097955703735
15975414097.0	5.965989112854004
15975414097.0	5.970924139022827
15975414097.0	5.975812196731567
15975414097.0	5.980393886566162
15975414097.0	5.985206127166748
15975414097.0	5.990330219268799
15975414097.0	5.995057821273804
15975414097.0	5.999747037887573
15975414097.0	6.004570007324219
15975414097.0	6.0094568729400635
15975414097.0	6.0143821239471436
15975414097.0	6.0188798904418945
15975414097.0	6.023802042007446
15975414097.0	6.028685092926025
15975414097.0	6.033598899841309
15975414097.0	6.03830099105835
15975414097.0	6.0430309772491455
15975414097.0	6.04792594909668
15975414097.0	6.052520990371704
15975414097.0	6.0572569370269775
15975414097.0	6.062046051025391
15975414097.0	6.066873073577881
15975414097.0	6.071504831314087
15975414097.0	6.075995922088623
15975414097.0	6.080609083175659
15975414097.0	6.085224866867065
15975414097.0	6.090139865875244
15975414097.0	6.094957113265991
15975414097.0	6.099568843841553
15975414097.0	6.104475975036621
15975414097.0	6.109195947647095
15975414097.0	6.1139349937438965
15975414097.0	6.118519067764282
15975414097.0	6.12342095375061
15975414097.0	6.128336191177368
15975414097.0	6.132864952087402
15975414097.0	6.137326002120972
15975414097.0	6.142032861709595
15975414097.0	6.146739959716797
15975414097.0	6.15119481086731
15975414097.0	6.155704021453857
15975414097.0	6.160163164138794
15975414097.0	6.16449499130249
15975414097.0	6.168843030929565
15975414097.0	6.173238039016724
15975414097.0	6.17815089225769
15975414097.0	6.183440923690796
15975414097.0	6.188338994979858
15975414097.0	6.192903995513916
15975414097.0	6.197414875030518
15975414097.0	6.202027082443237
15975414097.0	6.2067341804504395
15975414097.0	6.211431980133057
15975414097.0	6.215932846069336
15975414097.0	6.220377206802368
15975414097.0	6.225232124328613
15975414097.0	6.229732036590576
15975414097.0	6.234158039093018
15975414097.0	6.23856520652771
15975414097.0	6.243072986602783
15975414097.0	6.24753999710083
15975414097.0	6.251994848251343
15975414097.0	6.256464242935181
15975414097.0	6.2608420848846436
15975414097.0	6.265201807022095
15975414097.0	6.269594192504883
15975414097.0	6.27397084236145
15975414097.0	6.278239965438843
15975414097.0	6.282519102096558
15975414097.0	6.286980152130127
15975414097.0	6.291456937789917
15975414097.0	6.295886039733887
15975414097.0	6.300236940383911
15975414097.0	6.30456018447876
15975414097.0	6.308901786804199
15975414097.0	6.313157796859741
15975414097.0	6.317466974258423
15975414097.0	6.321666955947876
15975414097.0	6.325868129730225
15975414097.0	6.330302000045776
15975414097.0	6.334650039672852
15975414097.0	6.339530944824219
15975414097.0	6.344084024429321
15975414097.0	6.348880052566528
15975414097.0	6.3533899784088135
15975414097.0	6.357877969741821
15975414097.0	6.362217903137207
15975414097.0	6.366772890090942
15975414097.0	6.371181964874268
15975414097.0	6.375755071640015
15975414097.0	6.3801209926605225
15975414097.0	6.384351015090942
15975414097.0	6.388646841049194
15975414097.0	6.392843008041382
15975414097.0	6.39724588394165
15975414097.0	6.4017322063446045
15975414097.0	6.40606689453125
15975414097.0	6.410429000854492
15975414097.0	6.4148359298706055
15975414097.0	6.419173955917358
15975414097.0	6.423408031463623
15975414097.0	6.4277849197387695
15975414097.0	6.432279109954834
15975414097.0	6.4367711544036865
15975414097.0	6.441313982009888
15975414097.0	6.445698976516724
15975414097.0	6.450019121170044
15975414097.0	6.4544901847839355
15975414097.0	6.4588329792022705
15975414097.0	6.463551044464111
15975414097.0	6.467843055725098
15975414097.0	6.472546100616455
15975414097.0	6.47704815864563
15975414097.0	6.481797218322754
15975414097.0	6.486547946929932
15975414097.0	6.491224050521851
15975414097.0	6.4959070682525635
15975414097.0	6.500415086746216
15975414097.0	6.505034923553467
15975414097.0	6.5095720291137695
15975414097.0	6.514122009277344
15975414097.0	6.518732070922852
15975414097.0	6.5232930183410645
15975414097.0	6.527878999710083
15975414097.0	6.532425880432129
15975414097.0	6.537092208862305
15975414097.0	6.541658163070679
15975414097.0	6.546351194381714
15975414097.0	6.5509819984436035
15975414097.0	6.555565118789673
15975414097.0	6.560335159301758
15975414097.0	6.56529688835144
15975414097.0	6.5699849128723145
15975414097.0	6.574492931365967
15975414097.0	6.579200029373169
15975414097.0	6.584092855453491
15975414097.0	6.5886549949646
15975414097.0	6.593347072601318
15975414097.0	6.597861051559448
15975414097.0	6.6025309562683105
15975414097.0	6.607544183731079
15975414097.0	6.612630128860474
