error	steps
63033.0	0.0
61898.0	1.0
60268.0	2.0
57217.0	3.0
56916.0	4.0
53169.0	5.0
51919.0	6.0
50975.0	7.0
50366.0	8.0
50247.0	9.0
49892.0	10.0
49888.0	11.0
49265.0	12.0
49194.0	13.0
48912.0	14.0
48519.0	15.0
48413.0	16.0
48166.0	17.0
48144.0	18.0
48090.0	19.0
47599.0	20.0
47337.0	21.0
47184.0	22.0
46730.0	23.0
46405.0	24.0
46349.0	25.0
46166.0	26.0
45707.0	27.0
45507.0	28.0
45507.0	29.0
45397.0	30.0
45397.0	31.0
45335.0	32.0
45301.0	33.0
45301.0	34.0
45285.0	35.0
45078.0	36.0
45078.0	37.0
45078.0	38.0
45012.0	39.0
45012.0	40.0
45012.0	41.0
44979.0	42.0
44979.0	43.0
44979.0	44.0
44979.0	45.0
44879.0	46.0
44879.0	47.0
44879.0	48.0
44879.0	49.0
44871.0	50.0
44801.0	51.0
44801.0	52.0
44801.0	53.0
44801.0	54.0
44801.0	55.0
44801.0	56.0
44801.0	57.0
44801.0	58.0
44801.0	59.0
44801.0	60.0
44781.0	61.0
44781.0	62.0
44781.0	63.0
44781.0	64.0
44781.0	65.0
44781.0	66.0
44781.0	67.0
44781.0	68.0
44736.0	69.0
44736.0	70.0
44720.0	71.0
44720.0	72.0
44720.0	73.0
44720.0	74.0
44720.0	75.0
44720.0	76.0
44720.0	77.0
44720.0	78.0
44720.0	79.0
44720.0	80.0
44720.0	81.0
44720.0	82.0
44720.0	83.0
44720.0	84.0
44720.0	85.0
44714.0	86.0
44714.0	87.0
44714.0	88.0
44714.0	89.0
44714.0	90.0
44714.0	91.0
44714.0	92.0
44714.0	93.0
44714.0	94.0
44714.0	95.0
44714.0	96.0
44714.0	97.0
44714.0	98.0
44714.0	99.0
44714.0	100.0
44714.0	101.0
44714.0	102.0
44714.0	103.0
44714.0	104.0
44714.0	105.0
44714.0	106.0
44714.0	107.0
44714.0	108.0
44714.0	109.0
44714.0	110.0
44714.0	111.0
44714.0	112.0
44714.0	113.0
44714.0	114.0
44714.0	115.0
44714.0	116.0
44714.0	117.0
44714.0	118.0
44714.0	119.0
44714.0	120.0
44714.0	121.0
44714.0	122.0
44714.0	123.0
44714.0	124.0
44714.0	125.0
44714.0	126.0
44714.0	127.0
44714.0	128.0
44714.0	129.0
44714.0	130.0
44714.0	131.0
44714.0	132.0
44714.0	133.0
44714.0	134.0
44714.0	135.0
44714.0	136.0
44714.0	137.0
44714.0	138.0
44714.0	139.0
44714.0	140.0
44714.0	141.0
44714.0	142.0
44714.0	143.0
44714.0	144.0
44714.0	145.0
44714.0	146.0
44714.0	147.0
44714.0	148.0
44714.0	149.0
44714.0	150.0
44714.0	151.0
44714.0	152.0
44714.0	153.0
44714.0	154.0
44714.0	155.0
44714.0	156.0
44714.0	157.0
44714.0	158.0
44714.0	159.0
44714.0	160.0
44714.0	161.0
44714.0	162.0
44714.0	163.0
44714.0	164.0
44714.0	165.0
44714.0	166.0
44714.0	167.0
44714.0	168.0
44714.0	169.0
44714.0	170.0
44714.0	171.0
44714.0	172.0
44714.0	173.0
44714.0	174.0
44714.0	175.0
44714.0	176.0
44714.0	177.0
44714.0	178.0
44714.0	179.0
44714.0	180.0
44714.0	181.0
44714.0	182.0
44714.0	183.0
44714.0	184.0
44714.0	185.0
44714.0	186.0
44714.0	187.0
44714.0	188.0
44714.0	189.0
44714.0	190.0
44714.0	191.0
44714.0	192.0
44714.0	193.0
44714.0	194.0
44714.0	195.0
44714.0	196.0
44714.0	197.0
44714.0	198.0
44714.0	199.0
44714.0	200.0
44714.0	201.0
44714.0	202.0
44714.0	203.0
44714.0	204.0
44714.0	205.0
44714.0	206.0
44714.0	207.0
44714.0	208.0
44714.0	209.0
44714.0	210.0
44714.0	211.0
44714.0	212.0
44714.0	213.0
44714.0	214.0
44714.0	215.0
44714.0	216.0
44714.0	217.0
44714.0	218.0
44714.0	219.0
44714.0	220.0
44714.0	221.0
44714.0	222.0
44714.0	223.0
44714.0	224.0
44714.0	225.0
44714.0	226.0
44714.0	227.0
44714.0	228.0
44714.0	229.0
44714.0	230.0
44714.0	231.0
44714.0	232.0
44714.0	233.0
44714.0	234.0
44714.0	235.0
44714.0	236.0
44714.0	237.0
44714.0	238.0
44714.0	239.0
44714.0	240.0
44714.0	241.0
44714.0	242.0
44714.0	243.0
44714.0	244.0
44714.0	245.0
44714.0	246.0
44714.0	247.0
44714.0	248.0
44714.0	249.0
44714.0	250.0
44714.0	251.0
44714.0	252.0
44714.0	253.0
44714.0	254.0
44714.0	255.0
44714.0	256.0
44714.0	257.0
44714.0	258.0
44714.0	259.0
44714.0	260.0
44714.0	261.0
44714.0	262.0
44714.0	263.0
44714.0	264.0
44714.0	265.0
44714.0	266.0
44714.0	267.0
44714.0	268.0
44714.0	269.0
44714.0	270.0
44714.0	271.0
44714.0	272.0
44714.0	273.0
44714.0	274.0
44714.0	275.0
44714.0	276.0
44714.0	277.0
44714.0	278.0
44714.0	279.0
44714.0	280.0
44714.0	281.0
44714.0	282.0
44714.0	283.0
44714.0	284.0
44714.0	285.0
44714.0	286.0
44714.0	287.0
44714.0	288.0
44714.0	289.0
44714.0	290.0
44714.0	291.0
44714.0	292.0
44714.0	293.0
44714.0	294.0
44714.0	295.0
44714.0	296.0
44714.0	297.0
44714.0	298.0
44714.0	299.0
44714.0	300.0
44714.0	301.0
44714.0	302.0
44714.0	303.0
44714.0	304.0
44714.0	305.0
44714.0	306.0
44714.0	307.0
44714.0	308.0
44714.0	309.0
44714.0	310.0
44714.0	311.0
44714.0	312.0
44714.0	313.0
44714.0	314.0
44714.0	315.0
44714.0	316.0
44714.0	317.0
44714.0	318.0
44714.0	319.0
44714.0	320.0
44714.0	321.0
44714.0	322.0
44714.0	323.0
44714.0	324.0
44714.0	325.0
44714.0	326.0
44714.0	327.0
44714.0	328.0
44714.0	329.0
44714.0	330.0
44714.0	331.0
44714.0	332.0
44714.0	333.0
44714.0	334.0
44714.0	335.0
44714.0	336.0
44714.0	337.0
44714.0	338.0
44714.0	339.0
44714.0	340.0
44714.0	341.0
44714.0	342.0
44714.0	343.0
44714.0	344.0
44714.0	345.0
44714.0	346.0
44714.0	347.0
44714.0	348.0
44714.0	349.0
44714.0	350.0
44714.0	351.0
44714.0	352.0
44714.0	353.0
44714.0	354.0
44714.0	355.0
44714.0	356.0
44714.0	357.0
44714.0	358.0
44714.0	359.0
44714.0	360.0
44714.0	361.0
44714.0	362.0
44714.0	363.0
44714.0	364.0
44714.0	365.0
44714.0	366.0
44714.0	367.0
44714.0	368.0
44714.0	369.0
44714.0	370.0
44714.0	371.0
44714.0	372.0
44714.0	373.0
44714.0	374.0
44714.0	375.0
44714.0	376.0
44714.0	377.0
44714.0	378.0
44714.0	379.0
44714.0	380.0
44714.0	381.0
44714.0	382.0
44714.0	383.0
44714.0	384.0
44714.0	385.0
44714.0	386.0
44714.0	387.0
44714.0	388.0
44714.0	389.0
44714.0	390.0
44714.0	391.0
44714.0	392.0
44714.0	393.0
44714.0	394.0
44714.0	395.0
44714.0	396.0
44714.0	397.0
44714.0	398.0
44714.0	399.0
44714.0	400.0
44714.0	401.0
44714.0	402.0
44714.0	403.0
44714.0	404.0
44714.0	405.0
44714.0	406.0
44714.0	407.0
44714.0	408.0
44714.0	409.0
44714.0	410.0
44714.0	411.0
44714.0	412.0
44714.0	413.0
44714.0	414.0
44714.0	415.0
44714.0	416.0
44714.0	417.0
44714.0	418.0
44714.0	419.0
44714.0	420.0
44714.0	421.0
44714.0	422.0
44714.0	423.0
44714.0	424.0
44714.0	425.0
44714.0	426.0
44714.0	427.0
44714.0	428.0
44714.0	429.0
44714.0	430.0
44714.0	431.0
44714.0	432.0
44714.0	433.0
44714.0	434.0
44714.0	435.0
44714.0	436.0
44714.0	437.0
44714.0	438.0
44714.0	439.0
44714.0	440.0
44714.0	441.0
44714.0	442.0
44714.0	443.0
44714.0	444.0
44714.0	445.0
44714.0	446.0
44714.0	447.0
44714.0	448.0
44714.0	449.0
44714.0	450.0
44714.0	451.0
44714.0	452.0
44714.0	453.0
44714.0	454.0
44714.0	455.0
44714.0	456.0
44714.0	457.0
44714.0	458.0
44714.0	459.0
44714.0	460.0
44714.0	461.0
44714.0	462.0
44714.0	463.0
44714.0	464.0
44714.0	465.0
44714.0	466.0
44714.0	467.0
44714.0	468.0
44714.0	469.0
44714.0	470.0
44714.0	471.0
44714.0	472.0
44714.0	473.0
44714.0	474.0
44714.0	475.0
44714.0	476.0
44714.0	477.0
44714.0	478.0
44714.0	479.0
44714.0	480.0
44714.0	481.0
44714.0	482.0
44714.0	483.0
44714.0	484.0
44714.0	485.0
44714.0	486.0
44714.0	487.0
44714.0	488.0
44714.0	489.0
44714.0	490.0
44714.0	491.0
44714.0	492.0
44714.0	493.0
44714.0	494.0
44714.0	495.0
44714.0	496.0
44714.0	497.0
44714.0	498.0
44714.0	499.0
44714.0	500.0
44714.0	501.0
44714.0	502.0
44714.0	503.0
44714.0	504.0
44714.0	505.0
44714.0	506.0
44714.0	507.0
44714.0	508.0
44714.0	509.0
44714.0	510.0
44714.0	511.0
44714.0	512.0
44714.0	513.0
44714.0	514.0
44714.0	515.0
44714.0	516.0
44714.0	517.0
44714.0	518.0
44714.0	519.0
44714.0	520.0
44714.0	521.0
44714.0	522.0
44714.0	523.0
44714.0	524.0
44714.0	525.0
44714.0	526.0
44714.0	527.0
44714.0	528.0
44714.0	529.0
44714.0	530.0
44714.0	531.0
44714.0	532.0
44714.0	533.0
44714.0	534.0
44714.0	535.0
44714.0	536.0
44714.0	537.0
44714.0	538.0
44714.0	539.0
44714.0	540.0
44714.0	541.0
44714.0	542.0
44714.0	543.0
44714.0	544.0
44714.0	545.0
44714.0	546.0
44714.0	547.0
44714.0	548.0
44714.0	549.0
44714.0	550.0
44714.0	551.0
44714.0	552.0
44714.0	553.0
44714.0	554.0
44714.0	555.0
44714.0	556.0
44714.0	557.0
44714.0	558.0
44714.0	559.0
44714.0	560.0
44714.0	561.0
44714.0	562.0
44714.0	563.0
44714.0	564.0
44714.0	565.0
44714.0	566.0
44714.0	567.0
44714.0	568.0
44714.0	569.0
44714.0	570.0
44714.0	571.0
44714.0	572.0
44714.0	573.0
44714.0	574.0
44714.0	575.0
44714.0	576.0
44714.0	577.0
44714.0	578.0
44714.0	579.0
44714.0	580.0
44714.0	581.0
44714.0	582.0
44714.0	583.0
44714.0	584.0
44714.0	585.0
44714.0	586.0
44714.0	587.0
44714.0	588.0
44714.0	589.0
44714.0	590.0
44714.0	591.0
44714.0	592.0
44714.0	593.0
44714.0	594.0
44714.0	595.0
44714.0	596.0
44714.0	597.0
44714.0	598.0
44714.0	599.0
44714.0	600.0
44714.0	601.0
44714.0	602.0
44714.0	603.0
44714.0	604.0
44714.0	605.0
44714.0	606.0
44714.0	607.0
44714.0	608.0
44714.0	609.0
44714.0	610.0
44714.0	611.0
44714.0	612.0
44714.0	613.0
44714.0	614.0
44714.0	615.0
44714.0	616.0
44714.0	617.0
44714.0	618.0
44714.0	619.0
44714.0	620.0
44714.0	621.0
44714.0	622.0
44714.0	623.0
44714.0	624.0
44714.0	625.0
44714.0	626.0
44714.0	627.0
44714.0	628.0
44714.0	629.0
44714.0	630.0
44714.0	631.0
44714.0	632.0
44714.0	633.0
44714.0	634.0
44714.0	635.0
44714.0	636.0
44714.0	637.0
44714.0	638.0
44714.0	639.0
44714.0	640.0
44714.0	641.0
44714.0	642.0
44714.0	643.0
44714.0	644.0
44714.0	645.0
44714.0	646.0
44714.0	647.0
44714.0	648.0
44714.0	649.0
44714.0	650.0
44714.0	651.0
44714.0	652.0
44714.0	653.0
44714.0	654.0
44714.0	655.0
44714.0	656.0
44714.0	657.0
44714.0	658.0
44714.0	659.0
44714.0	660.0
44714.0	661.0
44714.0	662.0
44714.0	663.0
44714.0	664.0
44714.0	665.0
44714.0	666.0
44714.0	667.0
44714.0	668.0
44714.0	669.0
44714.0	670.0
44714.0	671.0
44714.0	672.0
44714.0	673.0
44714.0	674.0
44714.0	675.0
44714.0	676.0
44714.0	677.0
44714.0	678.0
44714.0	679.0
44714.0	680.0
44714.0	681.0
44714.0	682.0
44714.0	683.0
44714.0	684.0
44714.0	685.0
44714.0	686.0
44714.0	687.0
44714.0	688.0
44714.0	689.0
44714.0	690.0
44714.0	691.0
44714.0	692.0
44714.0	693.0
44714.0	694.0
44714.0	695.0
44714.0	696.0
44714.0	697.0
44714.0	698.0
44714.0	699.0
44714.0	700.0
44714.0	701.0
44714.0	702.0
44714.0	703.0
44714.0	704.0
44714.0	705.0
44714.0	706.0
44714.0	707.0
44714.0	708.0
44714.0	709.0
44714.0	710.0
44714.0	711.0
44714.0	712.0
44714.0	713.0
44714.0	714.0
44714.0	715.0
44714.0	716.0
44714.0	717.0
44714.0	718.0
44714.0	719.0
44714.0	720.0
44714.0	721.0
44714.0	722.0
44714.0	723.0
44714.0	724.0
44714.0	725.0
44714.0	726.0
44714.0	727.0
44714.0	728.0
44714.0	729.0
44714.0	730.0
44714.0	731.0
44714.0	732.0
44714.0	733.0
44714.0	734.0
44714.0	735.0
44714.0	736.0
44714.0	737.0
44714.0	738.0
44714.0	739.0
44714.0	740.0
44714.0	741.0
44714.0	742.0
44714.0	743.0
44714.0	744.0
44714.0	745.0
44714.0	746.0
44714.0	747.0
44714.0	748.0
44714.0	749.0
44714.0	750.0
44714.0	751.0
44714.0	752.0
44714.0	753.0
44714.0	754.0
44714.0	755.0
44714.0	756.0
44714.0	757.0
44714.0	758.0
44714.0	759.0
44714.0	760.0
44714.0	761.0
44714.0	762.0
44714.0	763.0
44714.0	764.0
44714.0	765.0
44714.0	766.0
44714.0	767.0
44714.0	768.0
44714.0	769.0
44714.0	770.0
44714.0	771.0
44714.0	772.0
44714.0	773.0
44714.0	774.0
44714.0	775.0
44714.0	776.0
44714.0	777.0
44714.0	778.0
44714.0	779.0
44714.0	780.0
44714.0	781.0
44714.0	782.0
44714.0	783.0
44714.0	784.0
44714.0	785.0
44714.0	786.0
44714.0	787.0
44714.0	788.0
44714.0	789.0
44714.0	790.0
44714.0	791.0
44714.0	792.0
44714.0	793.0
44714.0	794.0
44714.0	795.0
44714.0	796.0
44714.0	797.0
44714.0	798.0
44714.0	799.0
44714.0	800.0
44714.0	801.0
44714.0	802.0
44714.0	803.0
44714.0	804.0
44714.0	805.0
44714.0	806.0
44714.0	807.0
44714.0	808.0
44714.0	809.0
44714.0	810.0
44714.0	811.0
44714.0	812.0
44714.0	813.0
44714.0	814.0
44714.0	815.0
44714.0	816.0
44714.0	817.0
44714.0	818.0
44714.0	819.0
44714.0	820.0
44714.0	821.0
44714.0	822.0
44714.0	823.0
44714.0	824.0
44714.0	825.0
44714.0	826.0
44714.0	827.0
44714.0	828.0
44714.0	829.0
44714.0	830.0
44714.0	831.0
44714.0	832.0
44714.0	833.0
44714.0	834.0
44714.0	835.0
44714.0	836.0
44714.0	837.0
44714.0	838.0
44714.0	839.0
44714.0	840.0
44714.0	841.0
44714.0	842.0
44714.0	843.0
44714.0	844.0
44714.0	845.0
44714.0	846.0
44714.0	847.0
44714.0	848.0
44714.0	849.0
44714.0	850.0
44714.0	851.0
44714.0	852.0
44714.0	853.0
44714.0	854.0
44714.0	855.0
44714.0	856.0
44714.0	857.0
44714.0	858.0
44714.0	859.0
44714.0	860.0
44714.0	861.0
44714.0	862.0
44714.0	863.0
44714.0	864.0
44714.0	865.0
44714.0	866.0
44714.0	867.0
44714.0	868.0
44714.0	869.0
44714.0	870.0
44714.0	871.0
44714.0	872.0
44714.0	873.0
44714.0	874.0
44714.0	875.0
44714.0	876.0
44714.0	877.0
44714.0	878.0
44714.0	879.0
44714.0	880.0
44714.0	881.0
44714.0	882.0
44714.0	883.0
44714.0	884.0
44714.0	885.0
44714.0	886.0
44714.0	887.0
44714.0	888.0
44714.0	889.0
44714.0	890.0
44714.0	891.0
44714.0	892.0
44714.0	893.0
44714.0	894.0
44714.0	895.0
44714.0	896.0
44714.0	897.0
44714.0	898.0
44714.0	899.0
44714.0	900.0
44714.0	901.0
44714.0	902.0
44714.0	903.0
44714.0	904.0
44714.0	905.0
44714.0	906.0
44714.0	907.0
44714.0	908.0
44714.0	909.0
44714.0	910.0
44714.0	911.0
44714.0	912.0
44714.0	913.0
44714.0	914.0
44714.0	915.0
44714.0	916.0
44714.0	917.0
44714.0	918.0
44714.0	919.0
44714.0	920.0
44714.0	921.0
44714.0	922.0
44714.0	923.0
44714.0	924.0
44714.0	925.0
44714.0	926.0
44714.0	927.0
44714.0	928.0
44714.0	929.0
44714.0	930.0
44714.0	931.0
44714.0	932.0
44714.0	933.0
44714.0	934.0
44714.0	935.0
44714.0	936.0
44714.0	937.0
44714.0	938.0
44714.0	939.0
44714.0	940.0
44714.0	941.0
44714.0	942.0
44714.0	943.0
44714.0	944.0
44714.0	945.0
44714.0	946.0
44714.0	947.0
44714.0	948.0
44714.0	949.0
44714.0	950.0
44714.0	951.0
44714.0	952.0
44714.0	953.0
44714.0	954.0
44714.0	955.0
44714.0	956.0
44714.0	957.0
44714.0	958.0
44714.0	959.0
44714.0	960.0
44714.0	961.0
44714.0	962.0
44714.0	963.0
44714.0	964.0
44714.0	965.0
44714.0	966.0
44714.0	967.0
44714.0	968.0
44714.0	969.0
44714.0	970.0
44714.0	971.0
44714.0	972.0
44714.0	973.0
44714.0	974.0
44714.0	975.0
44714.0	976.0
44714.0	977.0
44714.0	978.0
44714.0	979.0
44714.0	980.0
44714.0	981.0
44714.0	982.0
44714.0	983.0
44714.0	984.0
44714.0	985.0
44714.0	986.0
44714.0	987.0
44714.0	988.0
44714.0	989.0
44714.0	990.0
44714.0	991.0
44714.0	992.0
44714.0	993.0
44714.0	994.0
44714.0	995.0
44714.0	996.0
44714.0	997.0
44714.0	998.0
44714.0	999.0
44714.0	1000.0
44714.0	1001.0
44714.0	1002.0
44714.0	1003.0
44714.0	1004.0
44714.0	1005.0
44714.0	1006.0
44714.0	1007.0
44714.0	1008.0
44714.0	1009.0
44714.0	1010.0
44714.0	1011.0
44714.0	1012.0
44714.0	1013.0
44714.0	1014.0
44714.0	1015.0
44714.0	1016.0
44714.0	1017.0
44714.0	1018.0
44714.0	1019.0
44714.0	1020.0
44714.0	1021.0
44714.0	1022.0
44714.0	1023.0
44714.0	1024.0
44714.0	1025.0
44714.0	1026.0
44714.0	1027.0
44714.0	1028.0
44714.0	1029.0
44714.0	1030.0
44714.0	1031.0
44714.0	1032.0
44714.0	1033.0
44714.0	1034.0
44714.0	1035.0
44714.0	1036.0
