error	run_time
	0.0
	0.016179800033569336
	0.03332996368408203
	0.04931998252868652
	0.06430196762084961
	0.0820159912109375
	0.09532690048217773
	0.10801577568054199
	0.12122583389282227
	0.1326429843902588
	0.14360904693603516
	0.15479493141174316
	0.16776704788208008
	0.17870593070983887
	0.1906719207763672
	0.20300889015197754
	0.22054290771484375
	0.23097705841064453
	0.2452259063720703
	0.2615809440612793
	0.27486205101013184
	0.2860889434814453
	0.2971079349517822
	0.3095998764038086
	0.3298470973968506
	0.34592676162719727
	0.35718703269958496
	0.3679649829864502
	0.37900590896606445
	0.39035797119140625
	0.401094913482666
	0.4142341613769531
	0.42580389976501465
	0.4367349147796631
	0.4477097988128662
	0.4593930244445801
	0.4729909896850586
	0.48419880867004395
	0.4977908134460449
	0.5095779895782471
	0.5219969749450684
	0.5332908630371094
	0.5452039241790771
	0.5570099353790283
	0.5688309669494629
	0.5805618762969971
	0.5915560722351074
	0.6025960445404053
	0.6146140098571777
	0.6261417865753174
	0.6372079849243164
	0.6483378410339355
	0.6593201160430908
	0.6703128814697266
	0.6812829971313477
	0.6920499801635742
	0.7027578353881836
	0.7139840126037598
	0.7248609066009521
	0.7354428768157959
	0.7466509342193604
	0.7577829360961914
	0.7687458992004395
	0.7801468372344971
	0.7919800281524658
	0.8053829669952393
	0.8175129890441895
	0.8289778232574463
	0.8410868644714355
	0.853395938873291
	0.8708090782165527
	0.8829329013824463
	0.8974559307098389
	0.9092080593109131
	0.9202849864959717
	0.9315099716186523
	0.9425437450408936
	0.9532949924468994
	0.9647438526153564
	0.9756238460540771
	0.9865438938140869
	0.9978218078613281
	1.0089290142059326
	1.0201389789581299
	1.031620740890503
	1.0438730716705322
	1.0567920207977295
	1.0678138732910156
	1.0791418552398682
	1.0903680324554443
	1.1014347076416016
	1.116894006729126
	1.1320078372955322
	1.1448729038238525
	1.1570658683776855
	1.168456792831421
	1.1808979511260986
	1.1927008628845215
	1.2060389518737793
	1.2171220779418945
	1.2284080982208252
	1.2402470111846924
	1.2519450187683105
	1.2641117572784424
	1.2758347988128662
	1.2869701385498047
	1.2980468273162842
	1.309356927871704
	1.320403814315796
	1.331737995147705
	1.3430531024932861
	1.3539068698883057
	1.3658428192138672
	1.3771650791168213
	1.3879709243774414
	1.398758888244629
	1.410010814666748
	1.4211368560791016
	1.432616949081421
	1.4448950290679932
	1.4580049514770508
	1.4746978282928467
	1.4868688583374023
	1.4980158805847168
	1.5117700099945068
	1.5259618759155273
	1.5374619960784912
	1.5498340129852295
	1.5629010200500488
	1.5748977661132812
	1.5857977867126465
	1.5966029167175293
	1.6084637641906738
	1.6202499866485596
	1.632157802581787
	1.643692970275879
	1.6562957763671875
	1.6684458255767822
	1.6803598403930664
	1.691429853439331
	1.702497959136963
	1.7144718170166016
	1.7261607646942139
	1.7368299961090088
	1.748572826385498
	1.7609779834747314
	1.7774567604064941
	1.7885169982910156
	1.8001599311828613
	1.8132939338684082
	1.825211763381958
	1.836353063583374
	1.847984790802002
	1.861464023590088
	1.8741209506988525
	1.887718915939331
	1.8993558883666992
	1.9106931686401367
	1.9217159748077393
	1.933279037475586
	1.945779800415039
	1.9577388763427734
	1.9703669548034668
	1.9818289279937744
	1.9947400093078613
	2.0069808959960938
	2.0190088748931885
	2.0300819873809814
	2.043177843093872
	2.0566368103027344
	2.067841053009033
	2.0792298316955566
	2.0917398929595947
	2.103519916534424
	2.1158149242401123
	2.1312408447265625
	2.1435141563415527
	2.1553139686584473
	2.1658990383148193
	2.1766278743743896
	2.187100887298584
	2.1980478763580322
	2.212315797805786
	2.2244720458984375
	2.2356600761413574
	2.2472760677337646
	2.25848388671875
	2.26957106590271
	2.2806429862976074
	2.291804790496826
	2.302593946456909
	2.313601016998291
	2.3245089054107666
	2.3352320194244385
	2.3459057807922363
	2.3569509983062744
	2.3676841259002686
	2.3786509037017822
	2.390146017074585
	2.400751829147339
	2.411686897277832
	2.4228427410125732
	2.4343910217285156
	2.4474198818206787
	2.4625630378723145
	2.4772558212280273
	2.491426944732666
	2.505082130432129
	2.523392915725708
	2.536257028579712
	2.548762083053589
	2.564368724822998
	2.577690839767456
	2.5904769897460938
	2.6026718616485596
	2.6146061420440674
	2.6271049976348877
	2.6386559009552
	2.6497700214385986
	2.6612210273742676
	2.672517776489258
	2.6839070320129395
	2.696086883544922
	2.7076919078826904
	2.7194340229034424
	2.733711004257202
	2.7503700256347656
	2.764954090118408
	2.777027130126953
	2.788696050643921
	2.8002679347991943
	2.8121941089630127
	2.823669910430908
	2.836690902709961
	2.849256992340088
	2.8625519275665283
	2.8751070499420166
	2.8882369995117188
	2.9021010398864746
	2.91546893119812
	2.9330198764801025
	2.9511821269989014
	2.96915602684021
	2.9850380420684814
	3.0008277893066406
	3.0201778411865234
	3.0334529876708984
	3.0459299087524414
	3.058434009552002
	3.0704729557037354
	3.0837817192077637
	3.0961110591888428
	3.1083319187164307
	3.120037794113159
	3.132111072540283
	3.143497943878174
	3.1551289558410645
	3.166670083999634
	3.1776750087738037
	3.1881818771362305
	3.1990339756011963
	3.2100839614868164
	3.2209017276763916
	3.2317938804626465
	3.2428648471832275
	3.254293918609619
	3.2651891708374023
	3.276170015335083
	3.287221908569336
	3.2987420558929443
	3.310042142868042
	3.3211917877197266
	3.332698106765747
	3.344567060470581
	3.3572280406951904
	3.368479013442993
	3.3798298835754395
	3.3910739421844482
	3.402195930480957
	3.4134840965270996
	3.4252328872680664
	3.436924934387207
	3.4483981132507324
	3.4604978561401367
	3.473706007003784
	3.487426996231079
	3.5035488605499268
	3.5165858268737793
	3.5298938751220703
	3.5422987937927246
	3.5562500953674316
	3.5695407390594482
	3.5829529762268066
	3.595184803009033
	3.6080048084259033
	3.6227078437805176
	3.636107921600342
	3.6505939960479736
	3.6647400856018066
	3.6804018020629883
	3.6950840950012207
	3.710016965866089
	3.7263920307159424
	3.7405900955200195
	3.7542219161987305
	3.7696948051452637
	3.7862660884857178
	3.8064498901367188
	3.825484037399292
	3.8425798416137695
	3.862713098526001
	3.879293918609619
	3.8974459171295166
	3.9131019115448
	3.928518772125244
	3.944430112838745
	3.958995819091797
	3.978383779525757
	3.995460033416748
	4.014967918395996
	4.035131931304932
	4.050713062286377
	4.067289113998413
	4.0847859382629395
	4.107975959777832
	4.125401973724365
	4.141513824462891
	4.162467002868652
	4.1809070110321045
	4.196480989456177
	4.212342977523804
	4.231992959976196
	4.250220060348511
	4.271001100540161
	4.296938896179199
	4.3155131340026855
	4.332789897918701
	4.350622892379761
	4.366184949874878
	4.39212703704834
	4.410597085952759
	4.427717924118042
	4.443979024887085
	4.464508771896362
	4.490478992462158
	4.505637884140015
	4.5189900398254395
	4.533653020858765
	4.547730922698975
	4.563979864120483
	4.579628944396973
	4.593854904174805
	4.6074018478393555
	4.620769023895264
	4.634011745452881
	4.647461891174316
	4.6634438037872314
	4.678866863250732
	4.692955732345581
	4.706017971038818
	4.7192230224609375
	4.731870889663696
	4.744781970977783
	4.758324861526489
	4.772007942199707
	4.7850868701934814
	4.798033952713013
	4.8109450340271
	4.8242340087890625
	4.836954832077026
	4.850222110748291
	4.863314867019653
	4.876762866973877
	4.890150785446167
	4.90317702293396
	4.916104793548584
	4.929509162902832
	4.942306995391846
	4.954770803451538
	4.96729588508606
	4.9804301261901855
	4.994247913360596
	5.007418870925903
	5.019749164581299
	5.032984018325806
	5.04656982421875
	5.05983304977417
	5.072623014450073
	5.087103843688965
	5.1009910106658936
	5.114634037017822
	5.127875089645386
	5.140893936157227
	5.15420389175415
	5.167718887329102
	5.180685043334961
	5.193729877471924
	5.206547975540161
	5.2190330028533936
	5.231203079223633
	5.243518829345703
	5.255962133407593
	5.268501043319702
	5.281634092330933
	5.2946250438690186
	5.307626962661743
	5.319979906082153
	5.332435846328735
	5.344779968261719
	5.357285737991333
	5.369059085845947
	5.381009817123413
	5.393110990524292
	5.405272960662842
	5.417463064193726
	5.430245876312256
	5.442476034164429
	5.454348087310791
	5.467266082763672
	5.480010032653809
	5.492871999740601
	5.504809856414795
	5.517255783081055
	5.52971887588501
	5.5424089431762695
	5.554876804351807
	5.5673909187316895
	5.580199956893921
	5.5927417278289795
	5.605029821395874
	5.617259979248047
	5.629541873931885
	5.641589879989624
	5.653580904006958
	5.665081977844238
	5.676671981811523
	5.6880269050598145
	5.699648857116699
	5.7109880447387695
	5.72222375869751
	5.733418941497803
	5.7444939613342285
	5.755244016647339
	5.766066789627075
	5.77695894241333
	5.78778600692749
	5.798544883728027
	5.809314966201782
	5.820261716842651
	5.831227779388428
	5.842131853103638
	5.852996826171875
	5.863996982574463
	5.874994993209839
	5.885804891586304
	5.896295785903931
	5.90706992149353
	5.917914867401123
	5.928778886795044
	5.9396278858184814
	5.950399875640869
	5.9612767696380615
	5.972190856933594
	5.983057975769043
	5.993915796279907
	6.004669904708862
	6.015368938446045
	6.026297092437744
	6.037826061248779
	6.0494279861450195
	6.060736894607544
	6.071924924850464
	6.0828940868377686
	6.094442844390869
	6.105448961257935
	6.11665678024292
	6.127937078475952
	6.138926982879639
	6.150087833404541
	6.161172866821289
	6.172741889953613
	6.183495998382568
	6.194453954696655
	6.205298900604248
	6.215911865234375
	6.226410865783691
	6.2367799282073975
	6.247774839401245
	6.258424997329712
	6.268816947937012
	6.279420852661133
	6.290108919143677
	6.300899982452393
	6.311577081680298
	6.322266101837158
	6.332771062850952
	6.343096017837524
	6.353201866149902
	6.3636558055877686
	6.373930931091309
	6.384208917617798
	6.394949913024902
	6.406073093414307
	6.417210102081299
	6.428804874420166
	6.4401068687438965
	6.451003789901733
	6.461935043334961
	6.473089933395386
	6.483971118927002
	6.49482798576355
	6.505450963973999
	6.516171932220459
	6.526866912841797
	6.537379026412964
	6.5477800369262695
	6.558038949966431
	6.568428993225098
	6.5791099071502686
	6.589716911315918
	6.600270986557007
	6.610865831375122
	6.621298789978027
	6.6316978931427
	6.642204761505127
	6.652646780014038
	6.663316011428833
	6.673999786376953
	6.684813022613525
	6.695575952529907
	6.705611944198608
	6.716363906860352
	6.727087020874023
	6.737816095352173
	6.748421907424927
	6.7587080001831055
	6.769021987915039
	6.779650926589966
	6.7901928424835205
	6.800472974777222
	6.810813903808594
	6.821110010147095
	6.831953763961792
	6.842488050460815
	6.852930068969727
	6.863481044769287
	6.874037027359009
	6.884358882904053
	6.8949220180511475
	6.9057228565216064
	6.915956974029541
	6.926450967788696
	6.937092065811157
	6.947995901107788
	6.958582878112793
	6.968919038772583
	6.979852914810181
	6.99053692817688
	7.000992059707642
	7.0113959312438965
	7.021888017654419
	7.032307863235474
	7.042742013931274
	7.053167819976807
	7.063395023345947
	7.0735931396484375
	7.083643913269043
	7.095070838928223
	7.105911016464233
	7.116317987442017
	7.126949787139893
	7.137301921844482
	7.147751808166504
	7.158218860626221
	7.168516159057617
	7.179111957550049
	7.189864873886108
	7.200646877288818
	7.211549997329712
	7.2226197719573975
	7.233629941940308
	7.244781017303467
	7.255695819854736
	7.266589879989624
	7.277239084243774
	7.287921905517578
	7.298303842544556
	7.3084800243377686
	7.318737983703613
	7.329129934310913
	7.339422941207886
	7.34961199760437
	7.360186815261841
	7.370718955993652
	7.381284952163696
	7.391126871109009
	7.401644945144653
	7.412399053573608
	7.422888994216919
	7.433024883270264
	7.443500995635986
	7.454357862472534
	7.465667963027954
	7.477757930755615
	7.489735841751099
	7.500826120376587
	7.512135982513428
	7.523335933685303
	7.534113883972168
	7.544881820678711
	7.5554518699646
	7.565903902053833
	7.57637095451355
	7.58686900138855
	7.59723687171936
	7.607588052749634
	7.618044853210449
	7.628407001495361
	7.638540029525757
	7.648713827133179
	7.6593968868255615
	7.669916868209839
	7.680485725402832
	7.690906763076782
	7.701474905014038
	7.712033987045288
	7.722320795059204
	7.73253607749939
	7.7430877685546875
	7.753506898880005
	7.763864040374756
	7.774619817733765
	7.785315036773682
	7.796074867248535
	7.806869983673096
	7.817135810852051
	7.827739953994751
	7.838212013244629
	7.8488450050354
	7.859315872192383
	7.869661808013916
	7.880141019821167
	7.890898942947388
	7.901397943496704
	7.912059783935547
	7.922443866729736
	7.932804822921753
	7.9434099197387695
	7.953775882720947
	7.964369773864746
	7.974933862686157
	7.985122919082642
	7.997111082077026
	8.00780701637268
	8.018874883651733
	8.029704809188843
	8.04048204421997
	8.051228761672974
	8.06193208694458
	8.072407960891724
	8.08287000656128
	8.093223810195923
	8.103681087493896
	8.114171743392944
	8.124783039093018
	8.135746955871582
	8.146546840667725
	8.157407999038696
	8.168150901794434
	8.179219007492065
	8.1903657913208
	8.2010338306427
	8.211659908294678
	8.222517013549805
	8.233268976211548
	8.244220972061157
	8.255055904388428
	8.26584792137146
	8.277236938476562
	8.288357019424438
	8.299631118774414
	8.310580968856812
	8.3213210105896
	8.332050800323486
	8.34285283088684
	8.353476762771606
	8.364115953445435
	8.37443494796753
	8.38545298576355
	8.396095037460327
	8.407341957092285
	8.418074131011963
	8.428666114807129
	8.439551830291748
	8.450314044952393
	8.46110987663269
	8.472589015960693
	8.483782768249512
	8.494868993759155
	8.505920886993408
	8.51661205291748
	8.527292966842651
	8.538294076919556
	8.54915189743042
	8.559863090515137
	8.570735931396484
	8.581881999969482
	8.593899965286255
	8.605540990829468
	8.616579055786133
	8.627594947814941
	8.638315916061401
	8.648965835571289
	8.6596360206604
	8.67003583908081
	8.680238962173462
	8.690991878509521
	8.701510906219482
	8.712286949157715
	8.722837924957275
	8.733290910720825
	8.744005918502808
	8.754108905792236
	8.764568090438843
	8.775165796279907
	8.785974979400635
	8.796563863754272
	8.807117938995361
	8.817591905593872
	8.828380823135376
	8.838776111602783
	8.849161863327026
	8.859735012054443
	8.869984865188599
	8.880777835845947
	8.891422986984253
	8.901883840560913
	8.912467956542969
	8.923278093338013
	8.93373990058899
	8.94456696510315
	8.955116033554077
	8.965530157089233
	8.976187944412231
	8.986820697784424
	8.997534990310669
	9.007710933685303
	9.017674922943115
	9.02792501449585
	9.038159132003784
	9.04855990409851
	9.0589120388031
	9.069252729415894
	9.079787969589233
	9.090131998062134
	9.100329875946045
	9.110781908035278
	9.121409893035889
	9.131482124328613
	9.141381740570068
	9.151681900024414
	9.162214756011963
	9.172432899475098
	9.18313193321228
	9.193604707717896
	9.204518795013428
	9.2151620388031
	9.225604772567749
	9.236162900924683
	9.246920824050903
	9.25718092918396
	9.267565965652466
	9.27814507484436
	9.288348913192749
	9.298834800720215
	9.309021949768066
	9.319492816925049
	9.330431938171387
	9.341530799865723
	9.352234840393066
	9.363165855407715
	9.373903751373291
	9.384599924087524
	9.394836902618408
	9.405158758163452
	9.415590763092041
	9.426042079925537
	9.436499834060669
	9.447120904922485
	9.457620859146118
	9.468117952346802
	9.479944944381714
	9.490856885910034
	9.50170087814331
	9.512317895889282
	9.522909879684448
	9.533720970153809
	9.544550895690918
	9.554950952529907
	9.565874814987183
	9.57662582397461
	9.587280750274658
	9.598206996917725
	9.609272956848145
	9.620516061782837
	9.631959915161133
	9.643257141113281
	9.653991937637329
	9.665128946304321
	9.675843000411987
	9.686333894729614
	9.69723391532898
	9.70813798904419
	9.719400882720947
	9.730606079101562
	9.7417631149292
	9.75255799293518
	9.763509035110474
	9.773928880691528
	9.784379959106445
	9.795092821121216
	9.805819749832153
	9.816796779632568
	9.827901840209961
	9.83888578414917
	9.849818706512451
	9.860505104064941
	9.871126890182495
	9.881555795669556
	9.892144918441772
	9.902575016021729
	9.913033962249756
	9.923674821853638
	9.93460988998413
	9.945199012756348
	9.955518007278442
	9.965954065322876
	9.976671934127808
	9.98747992515564
	9.998046875
	10.008790016174316
	10.019383907318115
	10.029846906661987
	10.040230751037598
	10.050414085388184
	10.060725927352905
	10.070889949798584
	10.08088493347168
	10.091121912002563
	10.101289987564087
	10.111473798751831
	10.12155294418335
	10.13160490989685
	10.141730070114136
	10.151773929595947
	10.162049055099487
	10.172947883605957
	10.183452844619751
	10.194289922714233
	10.205261945724487
	10.215966939926147
	10.22682785987854
	10.237733840942383
	10.248203039169312
	10.259089946746826
	10.269865989685059
	10.280452013015747
	10.291059970855713
	10.3018479347229
	10.3125
	10.323140859603882
	10.333925724029541
	10.344813108444214
	10.355581998825073
	10.366302967071533
	10.376698732376099
	10.387237787246704
	10.398535966873169
	10.409894943237305
	10.421636819839478
	10.432898998260498
	10.443768978118896
	10.454539060592651
	10.465229034423828
	10.477405786514282
	10.488502025604248
	10.499260902404785
	10.510055780410767
	10.520770072937012
	10.531435012817383
	10.541929006576538
	10.552296876907349
	10.563661098480225
	10.574570894241333
	10.585115909576416
	10.59537672996521
	10.6059250831604
	10.616538763046265
	10.627349853515625
	10.637784957885742
	10.648307800292969
	10.658687829971313
	10.669877052307129
	10.680970907211304
	10.692871809005737
	10.703914880752563
	10.71520209312439
	10.726362943649292
	10.737223863601685
	10.747933864593506
	10.758664846420288
	10.769191980361938
	10.779808044433594
	10.790596008300781
	10.80104398727417
	10.811755895614624
	10.822812795639038
	10.833451986312866
	10.843749761581421
	10.854614019393921
	10.865345001220703
	10.876152992248535
	10.88662600517273
	10.896957874298096
	10.907552003860474
	10.918154001235962
	10.928714036941528
	10.939206838607788
	10.94963788986206
	10.960644721984863
	10.971203088760376
	10.981782913208008
	10.992557048797607
	11.003437042236328
	11.014133930206299
	11.024724006652832
	11.035897970199585
	11.047084093093872
	11.05787992477417
	11.068805932998657
	11.079545021057129
	11.090137958526611
	11.101019859313965
	11.111847877502441
	11.122457027435303
	11.133082866668701
	11.14338207244873
	11.153578042984009
	11.164702892303467
	11.175589084625244
	11.185916900634766
	11.196106910705566
	11.206841945648193
	11.217573881149292
	11.22806692123413
	11.238873958587646
	11.249835968017578
	11.260524988174438
	11.270845890045166
	11.281337976455688
	11.291740894317627
	11.302312850952148
	11.31281590461731
	11.323083877563477
	11.33358883857727
	11.344022989273071
	11.354639053344727
	11.364919900894165
	11.3751859664917
	11.385434865951538
	11.39582109451294
	11.406036853790283
	11.416279077529907
	11.426326036453247
	11.436758041381836
	11.44747281074524
	11.458554744720459
	11.469259023666382
	11.480748891830444
	11.491813898086548
	11.502594947814941
	11.513369083404541
	11.523934841156006
	11.5345139503479
	11.545050144195557
	11.555673122406006
	11.565871000289917
	11.57649302482605
	11.586789846420288
	11.597148895263672
	11.607087135314941
	11.617286920547485
	11.627763986587524
	11.638109922409058
	11.648499965667725
	11.658631801605225
	11.669234991073608
	11.679816961288452
	11.690682888031006
	11.70116400718689
	11.711727857589722
	11.722555875778198
	11.73359489440918
