error	run_time
606659698.0	0.0
595516384.0	0.00267791748046875
581145726.0	0.0057048797607421875
573154653.0	0.008488893508911133
560264903.0	0.01246786117553711
546399356.0	0.015190839767456055
535204558.0	0.018021821975708008
523331639.0	0.020756959915161133
507378826.0	0.023494958877563477
498131112.0	0.02610468864440918
490933326.0	0.028750896453857422
490933326.0	0.031288862228393555
482730825.0	0.034050703048706055
471834251.0	0.03667092323303223
455571408.0	0.03935694694519043
450624009.0	0.04195690155029297
442636215.0	0.04456186294555664
438439219.0	0.04714179039001465
432062902.0	0.049718618392944336
429684637.0	0.05260491371154785
425624383.0	0.05524873733520508
412780656.0	0.057852983474731445
411570549.0	0.060448646545410156
405784959.0	0.06301379203796387
390373339.0	0.06557083129882812
384242674.0	0.06811380386352539
376798231.0	0.07063484191894531
375933830.0	0.07316374778747559
371785208.0	0.07567071914672852
370007294.0	0.07814669609069824
364088407.0	0.08060479164123535
354715343.0	0.08368372917175293
347636615.0	0.08662676811218262
342072457.0	0.08946776390075684
338453613.0	0.09242486953735352
336298025.0	0.09516787528991699
332035547.0	0.09772181510925293
331923162.0	0.10029387474060059
331923162.0	0.1025698184967041
329013844.0	0.10518097877502441
323593324.0	0.1077728271484375
323593324.0	0.110015869140625
320781283.0	0.1125638484954834
320781283.0	0.11480093002319336
320781283.0	0.117034912109375
320387735.0	0.1196298599243164
320307533.0	0.12224102020263672
319757096.0	0.12474274635314941
319693780.0	0.1272430419921875
319693780.0	0.12943077087402344
318591981.0	0.1322786808013916
316330708.0	0.13534784317016602
315140336.0	0.1381969451904297
312302731.0	0.14108586311340332
311408983.0	0.14370203018188477
310649017.0	0.14642095565795898
306921952.0	0.1490628719329834
306921952.0	0.15143299102783203
304728783.0	0.1540989875793457
304690233.0	0.15674281120300293
304690233.0	0.15904784202575684
304392806.0	0.16165995597839355
299474304.0	0.16422295570373535
298665028.0	0.16680669784545898
297385608.0	0.16939687728881836
296476831.0	0.17201471328735352
296476831.0	0.1742877960205078
296476831.0	0.17649173736572266
291800921.0	0.17901372909545898
291800921.0	0.1812899112701416
288571989.0	0.1843128204345703
288571989.0	0.18703484535217285
288571989.0	0.18953180313110352
288571989.0	0.19181275367736816
288571989.0	0.19406390190124512
288571989.0	0.19637084007263184
288571989.0	0.19865083694458008
288571989.0	0.200941801071167
287076772.0	0.20352697372436523
287076772.0	0.2058429718017578
287076772.0	0.20810604095458984
287024918.0	0.2106928825378418
287024918.0	0.21291804313659668
287024918.0	0.2151498794555664
287024918.0	0.2175917625427246
286951336.0	0.22034001350402832
286951336.0	0.2236309051513672
286951336.0	0.22614288330078125
286951336.0	0.22849798202514648
286951336.0	0.2308359146118164
285938214.0	0.23359084129333496
285449288.0	0.23618364334106445
285449288.0	0.23848867416381836
285449288.0	0.24077391624450684
285449288.0	0.24304676055908203
285184288.0	0.24566197395324707
285141113.0	0.24823784828186035
285141113.0	0.25050973892211914
285141113.0	0.25277280807495117
285141113.0	0.2550489902496338
281007154.0	0.2576408386230469
281007154.0	0.25994277000427246
281007154.0	0.26230669021606445
281007154.0	0.2645859718322754
281007154.0	0.2674288749694824
280500577.0	0.27027297019958496
280500577.0	0.2725198268890381
280500577.0	0.27477478981018066
280500577.0	0.27739381790161133
280134492.0	0.28029394149780273
279770521.0	0.2831449508666992
279770521.0	0.28542280197143555
279770521.0	0.2876877784729004
279770521.0	0.2899508476257324
279770521.0	0.2922499179840088
279770521.0	0.29480767250061035
279770521.0	0.2971940040588379
279770521.0	0.2994709014892578
279770521.0	0.3017258644104004
278386523.0	0.3043198585510254
278386523.0	0.30659985542297363
278386523.0	0.308931827545166
278386523.0	0.31133484840393066
278386523.0	0.3137378692626953
278386523.0	0.31600069999694824
278386523.0	0.3182809352874756
278386523.0	0.3204638957977295
278386523.0	0.3226907253265381
278386523.0	0.3248717784881592
278386523.0	0.3272128105163574
277783707.0	0.329805850982666
277783707.0	0.33225488662719727
277783707.0	0.334871768951416
277783707.0	0.3375527858734131
277783707.0	0.34003186225891113
277783707.0	0.3422868251800537
277783707.0	0.34456682205200195
277783707.0	0.34683871269226074
277783707.0	0.3491067886352539
277371755.0	0.3517148494720459
276881048.0	0.35428476333618164
276881048.0	0.35655784606933594
276881048.0	0.3588128089904785
276881048.0	0.36104869842529297
276881048.0	0.3632628917694092
276618640.0	0.36577892303466797
276182909.0	0.36827588081359863
276182909.0	0.3704679012298584
276182909.0	0.3728518486022949
276182909.0	0.3750038146972656
275535317.0	0.3775789737701416
275535317.0	0.3797607421875
275535317.0	0.38200879096984863
275535317.0	0.38457584381103516
275535317.0	0.38695788383483887
275535317.0	0.389420747756958
275535317.0	0.3916487693786621
275535317.0	0.39392781257629395
275535317.0	0.39618682861328125
275535317.0	0.3984677791595459
275535317.0	0.4007580280303955
275535317.0	0.4030039310455322
275535317.0	0.4052608013153076
275535317.0	0.40750575065612793
275535317.0	0.4097747802734375
275535317.0	0.41200995445251465
275535317.0	0.41424059867858887
275496088.0	0.41675877571105957
275496088.0	0.41899704933166504
275496088.0	0.42119288444519043
275496088.0	0.42341184616088867
275496088.0	0.42558884620666504
275496088.0	0.42775869369506836
275496088.0	0.42995572090148926
275496088.0	0.43242502212524414
275496088.0	0.4349658489227295
275496088.0	0.43739795684814453
275496088.0	0.43979477882385254
275496088.0	0.4421389102935791
275496088.0	0.4443976879119873
275496088.0	0.44670796394348145
275272502.0	0.44942784309387207
275272502.0	0.45168280601501465
275272502.0	0.4539468288421631
275272502.0	0.45690274238586426
275272502.0	0.4595608711242676
275272502.0	0.4620029926300049
275272502.0	0.46520495414733887
275272502.0	0.46788978576660156
275068332.0	0.47072482109069824
275068332.0	0.4731709957122803
275068332.0	0.475665807723999
275068332.0	0.47806787490844727
275068332.0	0.48038291931152344
275068332.0	0.4843258857727051
275068332.0	0.48801183700561523
275068332.0	0.4921836853027344
275068332.0	0.4948139190673828
275068332.0	0.4973750114440918
275068332.0	0.4999659061431885
275068332.0	0.502490758895874
275068332.0	0.5051379203796387
275068332.0	0.5090517997741699
275068332.0	0.5115787982940674
275068332.0	0.514462947845459
275068332.0	0.5196118354797363
275068332.0	0.5231227874755859
275068332.0	0.5256099700927734
275068332.0	0.5286548137664795
275068332.0	0.5313606262207031
275068332.0	0.534693717956543
275068332.0	0.5375828742980957
275068332.0	0.540996789932251
275068332.0	0.5434460639953613
275068332.0	0.5467977523803711
275068332.0	0.5499227046966553
275068332.0	0.5525188446044922
275068332.0	0.5549108982086182
275068332.0	0.5573358535766602
275068332.0	0.5599370002746582
275068332.0	0.5624408721923828
275068332.0	0.5650238990783691
275068332.0	0.5676639080047607
274138263.0	0.5704817771911621
274138263.0	0.5727999210357666
274138263.0	0.5751349925994873
274138263.0	0.577523946762085
274138263.0	0.5798547267913818
274138263.0	0.5822279453277588
274138263.0	0.5845918655395508
274138263.0	0.5869388580322266
274138263.0	0.5892517566680908
274138263.0	0.5915899276733398
274138263.0	0.5942699909210205
274138263.0	0.5965697765350342
274138263.0	0.5988888740539551
274138263.0	0.6012077331542969
274138263.0	0.6034739017486572
274138263.0	0.60575270652771
274138263.0	0.6080858707427979
274138263.0	0.6104438304901123
274138263.0	0.6127376556396484
274138263.0	0.6150128841400146
274138263.0	0.6173279285430908
274138263.0	0.6196038722991943
274138263.0	0.6220188140869141
274138263.0	0.6243157386779785
274138263.0	0.6266078948974609
274138263.0	0.6289117336273193
274138263.0	0.6312308311462402
274138263.0	0.6335768699645996
274138263.0	0.635927677154541
274138263.0	0.6384017467498779
274138263.0	0.6407318115234375
274138263.0	0.6431009769439697
274138263.0	0.6453597545623779
274138263.0	0.6477019786834717
274138263.0	0.6499998569488525
274138263.0	0.652245044708252
274138263.0	0.6544837951660156
274138263.0	0.6567378044128418
274138263.0	0.6590368747711182
274138263.0	0.6612868309020996
274138263.0	0.6635327339172363
274138263.0	0.6657390594482422
274138263.0	0.6679458618164062
274138263.0	0.6702477931976318
274138263.0	0.6725339889526367
274138263.0	0.674832820892334
274138263.0	0.677135705947876
274138263.0	0.6794576644897461
274138263.0	0.6817500591278076
274138263.0	0.6840646266937256
274138263.0	0.6863517761230469
274138263.0	0.6886489391326904
274138263.0	0.6909317970275879
274138263.0	0.693220853805542
274138263.0	0.695502758026123
274138263.0	0.697786808013916
274138263.0	0.7000629901885986
274138263.0	0.7023539543151855
274138263.0	0.7046458721160889
274138263.0	0.7068989276885986
274138263.0	0.7091448307037354
274138263.0	0.7114298343658447
274138263.0	0.7137296199798584
274138263.0	0.7160277366638184
274138263.0	0.7183208465576172
274138263.0	0.720632791519165
274138263.0	0.7229418754577637
274138263.0	0.7252428531646729
274138263.0	0.7275006771087646
274138263.0	0.7297427654266357
274138263.0	0.731961727142334
274138263.0	0.7342288494110107
274138263.0	0.7365009784698486
274138263.0	0.7387487888336182
274138263.0	0.7409868240356445
274138263.0	0.7432539463043213
274138263.0	0.7454929351806641
274138263.0	0.7477447986602783
274138263.0	0.750065803527832
274138263.0	0.7526307106018066
274138263.0	0.7549927234649658
274138263.0	0.7575669288635254
274138263.0	0.7602629661560059
274138263.0	0.7627739906311035
274138263.0	0.7650356292724609
274138263.0	0.7672698497772217
274138263.0	0.7695038318634033
274138263.0	0.7720508575439453
274138263.0	0.7744667530059814
274138263.0	0.7768127918243408
274138263.0	0.7792079448699951
274138263.0	0.781660795211792
274138263.0	0.7839338779449463
274138263.0	0.786283016204834
274138263.0	0.7885787487030029
274138263.0	0.7908799648284912
274138263.0	0.7931258678436279
274138263.0	0.7954037189483643
274138263.0	0.7976388931274414
274138263.0	0.7999098300933838
274138263.0	0.8021876811981201
274138263.0	0.8044979572296143
274138263.0	0.8068139553070068
274138263.0	0.8090419769287109
274138263.0	0.8113899230957031
274138263.0	0.8136699199676514
274138263.0	0.8159387111663818
274138263.0	0.8181898593902588
274138263.0	0.8204219341278076
274138263.0	0.8226497173309326
274138263.0	0.8248987197875977
274138263.0	0.8271288871765137
274138263.0	0.8293619155883789
274138263.0	0.8316569328308105
274138263.0	0.8339478969573975
274138263.0	0.8363399505615234
274138263.0	0.8386597633361816
274138263.0	0.8410418033599854
274138263.0	0.84344482421875
274138263.0	0.8457498550415039
274138263.0	0.8480756282806396
274138263.0	0.8504917621612549
274138263.0	0.8528456687927246
274138263.0	0.855259895324707
274138263.0	0.8576538562774658
274138263.0	0.8600049018859863
274138263.0	0.8623068332672119
274138263.0	0.864581823348999
274138263.0	0.8669087886810303
274138263.0	0.8691966533660889
274138263.0	0.8714108467102051
274138263.0	0.8738188743591309
274138263.0	0.8760347366333008
274138263.0	0.8783519268035889
274138263.0	0.8805828094482422
274138263.0	0.8828487396240234
274138263.0	0.8850979804992676
274138263.0	0.8874058723449707
274138263.0	0.8898928165435791
274138263.0	0.892406702041626
274138263.0	0.894873857498169
274138263.0	0.8973047733306885
274138263.0	0.8995840549468994
274138263.0	0.9018256664276123
274138263.0	0.9040927886962891
274138263.0	0.9063668251037598
274138263.0	0.9087738990783691
274138263.0	0.9110188484191895
274138263.0	0.9132578372955322
274138263.0	0.9154708385467529
274138263.0	0.9176948070526123
274138263.0	0.919954776763916
274138263.0	0.9221339225769043
274138263.0	0.9243137836456299
274138263.0	0.9264566898345947
274138263.0	0.9286437034606934
274138263.0	0.9308578968048096
274138263.0	0.9335737228393555
274138263.0	0.9361727237701416
274138263.0	0.938560962677002
274138263.0	0.9408819675445557
274138263.0	0.9431638717651367
274138263.0	0.9454820156097412
274138263.0	0.9477849006652832
274138263.0	0.9505417346954346
274138263.0	0.9529237747192383
274138263.0	0.9554038047790527
274138263.0	0.9578959941864014
274138263.0	0.9604699611663818
274138263.0	0.9628067016601562
274138263.0	0.9650719165802002
274138263.0	0.9673500061035156
274138263.0	0.9696037769317627
274138263.0	0.971869945526123
274138263.0	0.9741556644439697
274138263.0	0.976456880569458
274138263.0	0.9786927700042725
274138263.0	0.9809117317199707
274138263.0	0.9832236766815186
274138263.0	0.9858367443084717
274138263.0	0.9882707595825195
274138263.0	0.9919888973236084
274138263.0	0.9945249557495117
274138263.0	0.9976978302001953
274138263.0	0.9999878406524658
274138263.0	1.0022857189178467
274138263.0	1.0045578479766846
274138263.0	1.006828784942627
274138263.0	1.009065866470337
274138263.0	1.0115668773651123
274138263.0	1.0144410133361816
274138263.0	1.0168428421020508
274138263.0	1.019136905670166
274138263.0	1.0214178562164307
274138263.0	1.0237188339233398
274138263.0	1.0260558128356934
274138263.0	1.028310775756836
274138263.0	1.0307610034942627
274138263.0	1.033113718032837
274138263.0	1.0353848934173584
274138263.0	1.0376458168029785
274138263.0	1.039923906326294
274138263.0	1.0421969890594482
274138263.0	1.0445036888122559
274138263.0	1.0468518733978271
274138263.0	1.049130916595459
274138263.0	1.051386833190918
274138263.0	1.0536587238311768
274138263.0	1.0559806823730469
274138263.0	1.05837082862854
274138263.0	1.0606048107147217
274138263.0	1.062863826751709
274138263.0	1.0651018619537354
274138263.0	1.0673637390136719
274138263.0	1.0696017742156982
274138263.0	1.0718457698822021
274138263.0	1.074021816253662
274138263.0	1.0762288570404053
274138263.0	1.078413724899292
274138263.0	1.0805838108062744
274138263.0	1.0828847885131836
274138263.0	1.085209846496582
274138263.0	1.0879218578338623
274138263.0	1.0901408195495605
274138263.0	1.0924229621887207
274138263.0	1.0950098037719727
274138263.0	1.0980877876281738
274138263.0	1.100517749786377
274138263.0	1.1028938293457031
274138263.0	1.1053557395935059
274138263.0	1.107651710510254
274138263.0	1.1099216938018799
274138263.0	1.1121547222137451
274138263.0	1.1143848896026611
274138263.0	1.1166226863861084
274138263.0	1.1189477443695068
274138263.0	1.1213188171386719
274138263.0	1.1236369609832764
274138263.0	1.125835657119751
274138263.0	1.1280848979949951
274138263.0	1.1303470134735107
274138263.0	1.1326279640197754
274138263.0	1.1348979473114014
274138263.0	1.1371898651123047
274138263.0	1.1397759914398193
274138263.0	1.1420979499816895
274138263.0	1.1443819999694824
274138263.0	1.1467106342315674
274138263.0	1.1490046977996826
274138263.0	1.1513087749481201
274138263.0	1.1536078453063965
274138263.0	1.1559898853302002
274138263.0	1.1582930088043213
274138263.0	1.1605639457702637
274138263.0	1.162806749343872
274138263.0	1.1650607585906982
274138263.0	1.1673150062561035
274138263.0	1.1695737838745117
274138263.0	1.1718158721923828
274138263.0	1.174008846282959
274138263.0	1.1761868000030518
274138263.0	1.1783790588378906
274138263.0	1.1805357933044434
274138263.0	1.182734727859497
274138263.0	1.1850669384002686
274138263.0	1.1872918605804443
274138263.0	1.1894748210906982
274138263.0	1.1916968822479248
274138263.0	1.1939067840576172
274138263.0	1.1960859298706055
274138263.0	1.1983428001403809
274138263.0	1.200566053390503
274138263.0	1.2028539180755615
274138263.0	1.205122709274292
274138263.0	1.207385778427124
274138263.0	1.2095518112182617
274138263.0	1.2117178440093994
274138263.0	1.2139530181884766
274138263.0	1.2161548137664795
274138263.0	1.2186968326568604
274138263.0	1.2210328578948975
274138263.0	1.2237648963928223
274138263.0	1.2268319129943848
274138263.0	1.2295198440551758
274138263.0	1.231921911239624
274138263.0	1.234224796295166
274138263.0	1.2365548610687256
274138263.0	1.2388217449188232
274138263.0	1.241074800491333
274138263.0	1.2433290481567383
274138263.0	1.2459619045257568
274138263.0	1.2487130165100098
274138263.0	1.2510719299316406
274138263.0	1.253307819366455
274138263.0	1.2555646896362305
274138263.0	1.257795810699463
274138263.0	1.2600078582763672
274138263.0	1.2623307704925537
274138263.0	1.2649779319763184
274138263.0	1.2672200202941895
274138263.0	1.2696998119354248
274138263.0	1.271958827972412
274138263.0	1.274221658706665
274138263.0	1.2764837741851807
274138263.0	1.2787268161773682
274138263.0	1.2809407711029053
274138263.0	1.2832279205322266
274138263.0	1.2854688167572021
274138263.0	1.2876496315002441
274138263.0	1.2898869514465332
274138263.0	1.292057752609253
274138263.0	1.2942407131195068
274138263.0	1.2964637279510498
274138263.0	1.2986388206481934
274138263.0	1.3008320331573486
274138263.0	1.3029749393463135
274138263.0	1.3052387237548828
274138263.0	1.307386875152588
274138263.0	1.309668779373169
274138263.0	1.311821699142456
274138263.0	1.3140857219696045
274138263.0	1.316246747970581
274138263.0	1.318356990814209
274138263.0	1.3204889297485352
274138263.0	1.3226947784423828
274138263.0	1.3247900009155273
274138263.0	1.3269197940826416
274138263.0	1.3290009498596191
274138263.0	1.3310768604278564
274138263.0	1.333258867263794
274138263.0	1.335472822189331
274138263.0	1.3376867771148682
274138263.0	1.3398528099060059
274138263.0	1.3419840335845947
274138263.0	1.3441298007965088
274138263.0	1.3463048934936523
274138263.0	1.348442792892456
274138263.0	1.3505847454071045
274138263.0	1.3527507781982422
274138263.0	1.3549609184265137
274138263.0	1.3571226596832275
274138263.0	1.359400987625122
274138263.0	1.361534833908081
274138263.0	1.363696813583374
274138263.0	1.3658719062805176
274138263.0	1.3680157661437988
274138263.0	1.3701529502868652
274138263.0	1.3725929260253906
274138263.0	1.3747427463531494
274138263.0	1.3771069049835205
274138263.0	1.37935471534729
274138263.0	1.381509780883789
274138263.0	1.3837828636169434
274138263.0	1.386030673980713
274138263.0	1.3882098197937012
274138263.0	1.3904309272766113
274138263.0	1.392655849456787
274138263.0	1.3948748111724854
274138263.0	1.3971078395843506
274138263.0	1.3993287086486816
274138263.0	1.4014809131622314
274138263.0	1.4036858081817627
274138263.0	1.405890703201294
274138263.0	1.408073902130127
274138263.0	1.4102516174316406
274138263.0	1.4123828411102295
274138263.0	1.4145658016204834
274138263.0	1.4168000221252441
274138263.0	1.4189667701721191
274138263.0	1.421069860458374
274138263.0	1.423290729522705
274138263.0	1.4254238605499268
274138263.0	1.427527904510498
274138263.0	1.4296329021453857
274138263.0	1.4317388534545898
274138263.0	1.433957815170288
274138263.0	1.4361238479614258
274138263.0	1.4383177757263184
274138263.0	1.4405949115753174
274138263.0	1.4431586265563965
274138263.0	1.4456629753112793
274138263.0	1.4491157531738281
274138263.0	1.4523017406463623
274138263.0	1.454615831375122
274138263.0	1.4568157196044922
274138263.0	1.4589929580688477
274138263.0	1.4613277912139893
274138263.0	1.4640860557556152
274138263.0	1.4664006233215332
274138263.0	1.4688529968261719
274138263.0	1.47117280960083
274138263.0	1.4734528064727783
274138263.0	1.4757020473480225
274138263.0	1.4780428409576416
274138263.0	1.480315923690796
274138263.0	1.4825716018676758
274138263.0	1.4849658012390137
274138263.0	1.4872839450836182
274138263.0	1.4896447658538818
274138263.0	1.4919288158416748
274138263.0	1.4941959381103516
274138263.0	1.496448040008545
274138263.0	1.4987049102783203
274138263.0	1.5009338855743408
274138263.0	1.5032289028167725
274138263.0	1.5054128170013428
274138263.0	1.5075738430023193
274138263.0	1.5100197792053223
274138263.0	1.5121338367462158
274138263.0	1.5142598152160645
274138263.0	1.5163888931274414
274138263.0	1.5185418128967285
274138263.0	1.5206358432769775
274138263.0	1.5227468013763428
274138263.0	1.5248677730560303
274138263.0	1.5270888805389404
274138263.0	1.5292596817016602
274138263.0	1.5313727855682373
274138263.0	1.5335917472839355
274138263.0	1.5357539653778076
274138263.0	1.5379300117492676
274138263.0	1.540273904800415
274138263.0	1.5427448749542236
274138263.0	1.5452828407287598
274138263.0	1.5475127696990967
274138263.0	1.5497636795043945
274138263.0	1.551990032196045
274138263.0	1.5542619228363037
274138263.0	1.556492805480957
274138263.0	1.5587158203125
274138263.0	1.560924768447876
274138263.0	1.5631427764892578
274138263.0	1.5653598308563232
274138263.0	1.567579746246338
274138263.0	1.569748878479004
274138263.0	1.5719008445739746
274138263.0	1.5740716457366943
274138263.0	1.576220989227295
274138263.0	1.5783779621124268
274138263.0	1.580509901046753
274138263.0	1.5829918384552002
274138263.0	1.585866928100586
274138263.0	1.588289737701416
274138263.0	1.5905838012695312
274138263.0	1.5928499698638916
274138263.0	1.5950820446014404
274138263.0	1.5973377227783203
274138263.0	1.5995638370513916
274138263.0	1.6017858982086182
274138263.0	1.6040167808532715
274138263.0	1.606334924697876
274138263.0	1.6086180210113525
274138263.0	1.6108717918395996
274138263.0	1.6131126880645752
274138263.0	1.6153287887573242
274138263.0	1.6175639629364014
274138263.0	1.6197917461395264
274138263.0	1.6219618320465088
274138263.0	1.62412691116333
274138263.0	1.6264467239379883
274138263.0	1.6286280155181885
274138263.0	1.630807638168335
274138263.0	1.6332488059997559
274138263.0	1.635948657989502
274138263.0	1.6387288570404053
274138263.0	1.6413788795471191
274138263.0	1.6436767578125
274138263.0	1.6459436416625977
274138263.0	1.6482198238372803
274138263.0	1.650500774383545
274138263.0	1.6527659893035889
274138263.0	1.6550300121307373
274138263.0	1.657289981842041
274138263.0	1.6595277786254883
274138263.0	1.6617438793182373
274138263.0	1.6639528274536133
274138263.0	1.6661567687988281
274138263.0	1.668367862701416
274138263.0	1.6705777645111084
274138263.0	1.6731688976287842
274138263.0	1.6755027770996094
274138263.0	1.679286003112793
274138263.0	1.6817388534545898
274138263.0	1.6840410232543945
274138263.0	1.6863207817077637
274138263.0	1.6885859966278076
274138263.0	1.6908948421478271
274138263.0	1.6939277648925781
274138263.0	1.6974737644195557
274138263.0	1.7001228332519531
274138263.0	1.7025678157806396
274138263.0	1.7050366401672363
274138263.0	1.7072958946228027
274138263.0	1.7097978591918945
274138263.0	1.712263822555542
274138263.0	1.7146387100219727
274138263.0	1.7168807983398438
274138263.0	1.7191267013549805
274138263.0	1.7213759422302246
274138263.0	1.7236127853393555
274138263.0	1.7260148525238037
274138263.0	1.7285008430480957
274138263.0	1.7309467792510986
274138263.0	1.733163833618164
274138263.0	1.7353918552398682
274138263.0	1.7376039028167725
274138263.0	1.739832878112793
274138263.0	1.7420618534088135
274138263.0	1.7443478107452393
274138263.0	1.7466099262237549
274138263.0	1.7488348484039307
274138263.0	1.7510697841644287
274138263.0	1.7533018589019775
274138263.0	1.7555558681488037
274138263.0	1.75777268409729
274138263.0	1.7599847316741943
274138263.0	1.762265682220459
274138263.0	1.7644219398498535
274138263.0	1.7665648460388184
274138263.0	1.768711805343628
274138263.0	1.770829677581787
274138263.0	1.7729389667510986
274138263.0	1.775085687637329
274138263.0	1.7771868705749512
274138263.0	1.7792727947235107
274138263.0	1.781423807144165
274138263.0	1.7843139171600342
274138263.0	1.7868397235870361
274138263.0	1.7890896797180176
274138263.0	1.7913517951965332
274138263.0	1.7935969829559326
274138263.0	1.7958648204803467
274138263.0	1.7981247901916504
274138263.0	1.8003787994384766
274138263.0	1.802644968032837
274138263.0	1.8049118518829346
274138263.0	1.8071889877319336
274138263.0	1.8094406127929688
274138263.0	1.8116726875305176
274138263.0	1.813889741897583
274138263.0	1.8160948753356934
274138263.0	1.8182508945465088
274138263.0	1.8204059600830078
274138263.0	1.8225526809692383
274138263.0	1.8246636390686035
274138263.0	1.8267998695373535
274138263.0	1.828918695449829
274138263.0	1.8310327529907227
274138263.0	1.8335587978363037
274138263.0	1.8362388610839844
274138263.0	1.8389027118682861
274138263.0	1.8416829109191895
274138263.0	1.8441648483276367
274138263.0	1.846505880355835
274138263.0	1.8487398624420166
274138263.0	1.8509876728057861
274138263.0	1.8532276153564453
274138263.0	1.855482816696167
274138263.0	1.8577406406402588
274138263.0	1.859994888305664
274138263.0	1.862210750579834
274138263.0	1.8643956184387207
274138263.0	1.866609811782837
274138263.0	1.8688437938690186
274138263.0	1.8710498809814453
274138263.0	1.8732569217681885
274138263.0	1.8754608631134033
274138263.0	1.8776888847351074
274138263.0	1.8798887729644775
274138263.0	1.8820397853851318
274138263.0	1.8847439289093018
274138263.0	1.887596845626831
274138263.0	1.8898067474365234
274138263.0	1.8920488357543945
274138263.0	1.8944158554077148
274138263.0	1.896683692932129
274138263.0	1.8989109992980957
274138263.0	1.9011938571929932
274138263.0	1.903505802154541
274138263.0	1.9058797359466553
274138263.0	1.9081428050994873
274138263.0	1.9104037284851074
274138263.0	1.9127178192138672
274138263.0	1.9160118103027344
274138263.0	1.9183239936828613
274138263.0	1.9205639362335205
274138263.0	1.9227938652038574
274138263.0	1.9250240325927734
274138263.0	1.9272778034210205
274138263.0	1.9298980236053467
274138263.0	1.9322717189788818
274138263.0	1.9348297119140625
274138263.0	1.9371027946472168
274138263.0	1.9393868446350098
274138263.0	1.9416568279266357
274138263.0	1.9439468383789062
274138263.0	1.9469609260559082
274138263.0	1.949249029159546
274138263.0	1.9518208503723145
274138263.0	1.9541468620300293
274138263.0	1.9565088748931885
274138263.0	1.9587929248809814
274138263.0	1.9610350131988525
274138263.0	1.9632878303527832
274138263.0	1.9657938480377197
274138263.0	1.9681086540222168
274138263.0	1.9704539775848389
274138263.0	1.9727087020874023
274138263.0	1.9749538898468018
274138263.0	1.9772107601165771
274138263.0	1.9794466495513916
274138263.0	1.981679916381836
274138263.0	1.983994722366333
274138263.0	1.9862468242645264
274138263.0	1.98850679397583
274138263.0	1.9907410144805908
274138263.0	1.9929847717285156
274138263.0	1.9952387809753418
274138263.0	1.997483730316162
274138263.0	1.9997320175170898
274138263.0	2.001969814300537
274138263.0	2.0042428970336914
274138263.0	2.0064849853515625
274138263.0	2.008727788925171
274138263.0	2.010938882827759
274138263.0	2.0131709575653076
274138263.0	2.015399932861328
274138263.0	2.017563819885254
274138263.0	2.0197298526763916
274138263.0	2.0219337940216064
274138263.0	2.024026870727539
274138263.0	2.0261807441711426
274138263.0	2.028263807296753
274138263.0	2.0303537845611572
274138263.0	2.032850980758667
274138263.0	2.0355148315429688
274138263.0	2.037928819656372
274138263.0	2.0407779216766357
274138263.0	2.0432658195495605
274138263.0	2.0454888343811035
274138263.0	2.0476999282836914
274138263.0	2.0499427318573
274138263.0	2.0521657466888428
274138263.0	2.0545029640197754
274138263.0	2.056779623031616
274138263.0	2.0590579509735107
274138263.0	2.0613057613372803
274138263.0	2.063539981842041
274138263.0	2.065767765045166
274138263.0	2.068004846572876
274138263.0	2.0702247619628906
274138263.0	2.0725760459899902
274138263.0	2.0747547149658203
274138263.0	2.0769317150115967
274138263.0	2.0791099071502686
274138263.0	2.0812408924102783
274138263.0	2.0840108394622803
274138263.0	2.0865797996520996
274138263.0	2.0888519287109375
274138263.0	2.091115713119507
274138263.0	2.093395948410034
274138263.0	2.0956926345825195
274138263.0	2.097937822341919
274138263.0	2.100203037261963
274138263.0	2.1024656295776367
274138263.0	2.1047916412353516
274138263.0	2.107081890106201
274138263.0	2.1093738079071045
274138263.0	2.111628770828247
274138263.0	2.11386775970459
274138263.0	2.116144895553589
274138263.0	2.1183907985687256
274138263.0	2.1207308769226074
274138263.0	2.1229748725891113
274138263.0	2.1251487731933594
274138263.0	2.1273059844970703
274138263.0	2.129448890686035
274138263.0	2.131640672683716
274138263.0	2.1340548992156982
274138263.0	2.136842966079712
274138263.0	2.139425754547119
274138263.0	2.143631935119629
274138263.0	2.146793842315674
274138263.0	2.1490859985351562
274138263.0	2.1514108180999756
274138263.0	2.154087781906128
274138263.0	2.15637469291687
274138263.0	2.158606767654419
274138263.0	2.1608409881591797
274138263.0	2.163611888885498
274138263.0	2.1659228801727295
274138263.0	2.168290853500366
274138263.0	2.1707448959350586
274138263.0	2.173110008239746
274138263.0	2.175339698791504
274138263.0	2.177546977996826
274138263.0	2.1797549724578857
274138263.0	2.1819798946380615
274138263.0	2.184222936630249
274138263.0	2.186478853225708
274138263.0	2.1887757778167725
274138263.0	2.190988779067993
274138263.0	2.1932358741760254
274138263.0	2.195474863052368
274138263.0	2.1976797580718994
274138263.0	2.1999518871307373
274138263.0	2.2022688388824463
274138263.0	2.2045156955718994
274138263.0	2.2066807746887207
274138263.0	2.208864688873291
274138263.0	2.2110097408294678
274138263.0	2.2131597995758057
274138263.0	2.2153069972991943
274138263.0	2.217458963394165
274138263.0	2.2195558547973633
274138263.0	2.221775770187378
274138263.0	2.2239158153533936
274138263.0	2.226055860519409
274138263.0	2.2282068729400635
274138263.0	2.2303309440612793
274138263.0	2.2325098514556885
274138263.0	2.2347347736358643
274138263.0	2.2368898391723633
274138263.0	2.2391066551208496
274138263.0	2.2413220405578613
274138263.0	2.2435667514801025
274138263.0	2.245728015899658
274138263.0	2.247941732406616
274138263.0	2.2507479190826416
274138263.0	2.2530477046966553
274138263.0	2.255352735519409
274138263.0	2.257793664932251
274138263.0	2.259971857070923
274138263.0	2.2621777057647705
274138263.0	2.26438570022583
274138263.0	2.2666068077087402
274138263.0	2.2688100337982178
274138263.0	2.2709877490997314
274138263.0	2.273216962814331
274138263.0	2.2753679752349854
274138263.0	2.2775228023529053
274138263.0	2.279665946960449
274138263.0	2.2817599773406982
274138263.0	2.2844038009643555
274138263.0	2.2868547439575195
274138263.0	2.289224863052368
274138263.0	2.2915377616882324
274138263.0	2.29394268989563
274138263.0	2.2963099479675293
274138263.0	2.29866886138916
274138263.0	2.300947904586792
274138263.0	2.303184747695923
274138263.0	2.3054258823394775
274138263.0	2.308154821395874
274138263.0	2.3103249073028564
274138263.0	2.3125178813934326
274138263.0	2.3146698474884033
274138263.0	2.316819906234741
274138263.0	2.3189749717712402
274138263.0	2.321110725402832
274138263.0	2.323323965072632
274138263.0	2.3254499435424805
274138263.0	2.3275928497314453
274138263.0	2.329739809036255
274138263.0	2.3318278789520264
274138263.0	2.3344368934631348
274138263.0	2.337153673171997
274138263.0	2.3394997119903564
274138263.0	2.341744899749756
274138263.0	2.3439927101135254
274138263.0	2.3462138175964355
274138263.0	2.3484809398651123
274138263.0	2.3516738414764404
274138263.0	2.354355812072754
274138263.0	2.357057809829712
274138263.0	2.3595950603485107
274138263.0	2.361931800842285
274138263.0	2.364290714263916
274138263.0	2.366738796234131
274138263.0	2.369337797164917
274138263.0	2.3718879222869873
274138263.0	2.37491774559021
274138263.0	2.3777968883514404
274138263.0	2.3805487155914307
274138263.0	2.3829898834228516
274138263.0	2.385340929031372
274138263.0	2.3876588344573975
274138263.0	2.3903369903564453
274138263.0	2.392714023590088
274138263.0	2.3952949047088623
274138263.0	2.3980538845062256
274138263.0	2.400455951690674
274138263.0	2.4027788639068604
274138263.0	2.405129909515381
274138263.0	2.4076318740844727
274138263.0	2.4100558757781982
274138263.0	2.412397861480713
274138263.0	2.41471004486084
274138263.0	2.417017698287964
274138263.0	2.4193179607391357
274138263.0	2.4216079711914062
274138263.0	2.4239249229431152
274138263.0	2.4263806343078613
274138263.0	2.428696870803833
274138263.0	2.4309639930725098
274138263.0	2.433206796646118
274138263.0	2.4354357719421387
274138263.0	2.43766188621521
274138263.0	2.439948797225952
274138263.0	2.4421777725219727
274138263.0	2.4445877075195312
274138263.0	2.4469988346099854
274138263.0	2.4492528438568115
274138263.0	2.4514918327331543
274138263.0	2.453979730606079
274138263.0	2.456352710723877
274138263.0	2.4587247371673584
274138263.0	2.460969924926758
274138263.0	2.4631967544555664
274138263.0	2.465425968170166
274138263.0	2.4676568508148193
274138263.0	2.4698896408081055
274138263.0	2.472193717956543
274138263.0	2.4744908809661865
274138263.0	2.4767417907714844
274138263.0	2.479038953781128
274138263.0	2.4811787605285645
274138263.0	2.4833858013153076
274138263.0	2.4855968952178955
274138263.0	2.4877688884735107
274138263.0	2.489935874938965
274138263.0	2.4921727180480957
274138263.0	2.4943177700042725
274138263.0	2.4965529441833496
274138263.0	2.4987127780914307
274138263.0	2.5008740425109863
274138263.0	2.503046751022339
274138263.0	2.505232810974121
274138263.0	2.5074079036712646
274138263.0	2.5096867084503174
274138263.0	2.511857748031616
274138263.0	2.5140209197998047
274138263.0	2.516195774078369
274138263.0	2.518415927886963
274138263.0	2.5205788612365723
274138263.0	2.5227408409118652
274138263.0	2.525040864944458
274138263.0	2.5272257328033447
274138263.0	2.5294017791748047
274138263.0	2.531561851501465
274138263.0	2.533798933029175
274138263.0	2.5359668731689453
274138263.0	2.538146734237671
274138263.0	2.5404038429260254
274138263.0	2.542576789855957
274138263.0	2.544818878173828
274138263.0	2.54697585105896
274138263.0	2.549144744873047
274138263.0	2.5513627529144287
274138263.0	2.553536891937256
274138263.0	2.5557119846343994
274138263.0	2.5578739643096924
274138263.0	2.5601248741149902
274138263.0	2.5622830390930176
274138263.0	2.5645787715911865
274138263.0	2.566790819168091
274138263.0	2.5689468383789062
274138263.0	2.5711019039154053
274138263.0	2.5732617378234863
274138263.0	2.5755558013916016
274138263.0	2.5777087211608887
274138263.0	2.5798726081848145
274138263.0	2.582059621810913
274138263.0	2.5842177867889404
274138263.0	2.5863916873931885
274138263.0	2.5885586738586426
274138263.0	2.5907137393951416
274138263.0	2.5929229259490967
274138263.0	2.595127820968628
274138263.0	2.5977659225463867
274138263.0	2.6001408100128174
274138263.0	2.6034247875213623
274138263.0	2.6062958240509033
274138263.0	2.608609676361084
274138263.0	2.611402988433838
274138263.0	2.614001750946045
274138263.0	2.616428852081299
274138263.0	2.6187238693237305
274138263.0	2.6209778785705566
274138263.0	2.6232566833496094
274138263.0	2.625553846359253
274138263.0	2.628389835357666
274138263.0	2.6310179233551025
274138263.0	2.633342981338501
274138263.0	2.6356418132781982
274138263.0	2.6379199028015137
274138263.0	2.6401946544647217
274138263.0	2.6424858570098877
274138263.0	2.6448750495910645
274138263.0	2.6473639011383057
274138263.0	2.6496829986572266
274138263.0	2.6520228385925293
274138263.0	2.6543056964874268
274138263.0	2.6568777561187744
274138263.0	2.659519910812378
274138263.0	2.661993980407715
274138263.0	2.6644580364227295
274138263.0	2.6668570041656494
274138263.0	2.6693787574768066
274138263.0	2.671907901763916
274138263.0	2.674262762069702
274138263.0	2.676571846008301
274138263.0	2.678884744644165
274138263.0	2.681208848953247
274138263.0	2.683515787124634
274138263.0	2.685795783996582
274138263.0	2.688072919845581
274138263.0	2.690323829650879
