error	steps
681442.0	0.0
667301.0	1.0
648138.0	2.0
644174.0	3.0
639405.0	4.0
633741.0	5.0
632866.0	6.0
626026.0	7.0
609236.0	8.0
604012.0	9.0
598085.0	10.0
590195.0	11.0
581372.0	12.0
571483.0	13.0
569581.0	14.0
564121.0	15.0
561506.0	16.0
557989.0	17.0
549634.0	18.0
541288.0	19.0
535964.0	20.0
530416.0	21.0
528340.0	22.0
526791.0	23.0
519009.0	24.0
513136.0	25.0
502855.0	26.0
500322.0	27.0
498135.0	28.0
496910.0	29.0
492945.0	30.0
486126.0	31.0
484046.0	32.0
484036.0	33.0
482007.0	34.0
481581.0	35.0
478672.0	36.0
476416.0	37.0
475057.0	38.0
473076.0	39.0
472646.0	40.0
470727.0	41.0
466791.0	42.0
461703.0	43.0
461070.0	44.0
458319.0	45.0
457760.0	46.0
454420.0	47.0
453569.0	48.0
448128.0	49.0
442779.0	50.0
442649.0	51.0
442649.0	52.0
441629.0	53.0
440231.0	54.0
440231.0	55.0
440231.0	56.0
440231.0	57.0
438617.0	58.0
437409.0	59.0
437409.0	60.0
437409.0	61.0
437409.0	62.0
437234.0	63.0
437234.0	64.0
436824.0	65.0
435481.0	66.0
434228.0	67.0
434228.0	68.0
434228.0	69.0
432742.0	70.0
431850.0	71.0
430243.0	72.0
429940.0	73.0
428258.0	74.0
428117.0	75.0
427546.0	76.0
427153.0	77.0
427153.0	78.0
426546.0	79.0
426546.0	80.0
426261.0	81.0
424768.0	82.0
423689.0	83.0
423689.0	84.0
423316.0	85.0
423316.0	86.0
423316.0	87.0
423316.0	88.0
423316.0	89.0
423037.0	90.0
423037.0	91.0
423037.0	92.0
423037.0	93.0
423037.0	94.0
423037.0	95.0
423037.0	96.0
423034.0	97.0
421234.0	98.0
421051.0	99.0
421051.0	100.0
421051.0	101.0
421051.0	102.0
421051.0	103.0
420455.0	104.0
420455.0	105.0
420455.0	106.0
420455.0	107.0
420455.0	108.0
420455.0	109.0
420455.0	110.0
420455.0	111.0
420420.0	112.0
420420.0	113.0
420249.0	114.0
420249.0	115.0
420249.0	116.0
419786.0	117.0
419786.0	118.0
418679.0	119.0
418217.0	120.0
418096.0	121.0
417977.0	122.0
417557.0	123.0
417557.0	124.0
417557.0	125.0
417557.0	126.0
417557.0	127.0
417557.0	128.0
417557.0	129.0
417557.0	130.0
417557.0	131.0
417557.0	132.0
417557.0	133.0
417557.0	134.0
416609.0	135.0
416609.0	136.0
416449.0	137.0
416449.0	138.0
416449.0	139.0
416449.0	140.0
416286.0	141.0
416286.0	142.0
416286.0	143.0
416286.0	144.0
416286.0	145.0
416286.0	146.0
416286.0	147.0
416176.0	148.0
416176.0	149.0
416158.0	150.0
416158.0	151.0
416158.0	152.0
416158.0	153.0
416158.0	154.0
416158.0	155.0
416158.0	156.0
415465.0	157.0
415200.0	158.0
415200.0	159.0
415200.0	160.0
415200.0	161.0
415200.0	162.0
414312.0	163.0
414312.0	164.0
414312.0	165.0
413595.0	166.0
413365.0	167.0
413365.0	168.0
413365.0	169.0
413365.0	170.0
413365.0	171.0
413365.0	172.0
413134.0	173.0
413134.0	174.0
413134.0	175.0
413134.0	176.0
413134.0	177.0
413134.0	178.0
413134.0	179.0
413134.0	180.0
413134.0	181.0
413091.0	182.0
413091.0	183.0
413091.0	184.0
413091.0	185.0
413091.0	186.0
413040.0	187.0
413011.0	188.0
413011.0	189.0
413011.0	190.0
413011.0	191.0
413011.0	192.0
413011.0	193.0
413011.0	194.0
413011.0	195.0
413011.0	196.0
413011.0	197.0
413011.0	198.0
413011.0	199.0
413011.0	200.0
413011.0	201.0
413011.0	202.0
413011.0	203.0
413011.0	204.0
413011.0	205.0
413011.0	206.0
413011.0	207.0
413011.0	208.0
413011.0	209.0
413011.0	210.0
413011.0	211.0
413011.0	212.0
413011.0	213.0
413011.0	214.0
413011.0	215.0
413011.0	216.0
413011.0	217.0
413011.0	218.0
413011.0	219.0
413011.0	220.0
413011.0	221.0
413011.0	222.0
413011.0	223.0
413011.0	224.0
413011.0	225.0
413011.0	226.0
413011.0	227.0
413011.0	228.0
413011.0	229.0
413011.0	230.0
413011.0	231.0
413011.0	232.0
413011.0	233.0
413011.0	234.0
413011.0	235.0
413011.0	236.0
413011.0	237.0
413011.0	238.0
413011.0	239.0
413011.0	240.0
413011.0	241.0
413011.0	242.0
413011.0	243.0
413011.0	244.0
413011.0	245.0
413011.0	246.0
413011.0	247.0
413011.0	248.0
413011.0	249.0
413011.0	250.0
413011.0	251.0
413011.0	252.0
413011.0	253.0
413011.0	254.0
413011.0	255.0
413011.0	256.0
413011.0	257.0
413011.0	258.0
413011.0	259.0
413011.0	260.0
413011.0	261.0
413011.0	262.0
413011.0	263.0
413011.0	264.0
413011.0	265.0
413011.0	266.0
413011.0	267.0
413011.0	268.0
413011.0	269.0
413011.0	270.0
413011.0	271.0
413011.0	272.0
413011.0	273.0
413011.0	274.0
413011.0	275.0
413011.0	276.0
413011.0	277.0
413011.0	278.0
413011.0	279.0
413011.0	280.0
413011.0	281.0
413011.0	282.0
413011.0	283.0
413011.0	284.0
413011.0	285.0
413011.0	286.0
413011.0	287.0
413011.0	288.0
413011.0	289.0
413011.0	290.0
413011.0	291.0
413011.0	292.0
413011.0	293.0
413011.0	294.0
413011.0	295.0
413011.0	296.0
413011.0	297.0
413011.0	298.0
413011.0	299.0
413011.0	300.0
413011.0	301.0
413011.0	302.0
413011.0	303.0
413011.0	304.0
413011.0	305.0
413011.0	306.0
413011.0	307.0
413011.0	308.0
413011.0	309.0
413011.0	310.0
413011.0	311.0
413011.0	312.0
413011.0	313.0
413011.0	314.0
413011.0	315.0
413011.0	316.0
413011.0	317.0
413011.0	318.0
413011.0	319.0
413011.0	320.0
413011.0	321.0
413011.0	322.0
413011.0	323.0
413011.0	324.0
413011.0	325.0
413011.0	326.0
413011.0	327.0
413011.0	328.0
413011.0	329.0
413011.0	330.0
413011.0	331.0
413011.0	332.0
413011.0	333.0
413011.0	334.0
413011.0	335.0
413011.0	336.0
413011.0	337.0
413011.0	338.0
413011.0	339.0
413011.0	340.0
413011.0	341.0
413011.0	342.0
413011.0	343.0
413011.0	344.0
413011.0	345.0
413011.0	346.0
413011.0	347.0
413011.0	348.0
413011.0	349.0
413011.0	350.0
413011.0	351.0
413011.0	352.0
413011.0	353.0
413011.0	354.0
413011.0	355.0
413011.0	356.0
413011.0	357.0
413011.0	358.0
413011.0	359.0
413011.0	360.0
413011.0	361.0
413011.0	362.0
413011.0	363.0
413011.0	364.0
413011.0	365.0
413011.0	366.0
413011.0	367.0
413011.0	368.0
413011.0	369.0
413011.0	370.0
413011.0	371.0
413011.0	372.0
413011.0	373.0
413011.0	374.0
413011.0	375.0
413011.0	376.0
413011.0	377.0
413011.0	378.0
413011.0	379.0
413011.0	380.0
413011.0	381.0
413011.0	382.0
413011.0	383.0
413011.0	384.0
413011.0	385.0
413011.0	386.0
413011.0	387.0
413011.0	388.0
413011.0	389.0
413011.0	390.0
413011.0	391.0
413011.0	392.0
413011.0	393.0
413011.0	394.0
413011.0	395.0
413011.0	396.0
413011.0	397.0
413011.0	398.0
413011.0	399.0
413011.0	400.0
413011.0	401.0
413011.0	402.0
413011.0	403.0
413011.0	404.0
413011.0	405.0
413011.0	406.0
413011.0	407.0
413011.0	408.0
413011.0	409.0
413011.0	410.0
413011.0	411.0
413011.0	412.0
413011.0	413.0
413011.0	414.0
413011.0	415.0
413011.0	416.0
413011.0	417.0
413011.0	418.0
413011.0	419.0
413011.0	420.0
413011.0	421.0
413011.0	422.0
413011.0	423.0
413011.0	424.0
413011.0	425.0
413011.0	426.0
413011.0	427.0
413011.0	428.0
413011.0	429.0
413011.0	430.0
413011.0	431.0
413011.0	432.0
413011.0	433.0
413011.0	434.0
413011.0	435.0
413011.0	436.0
413011.0	437.0
413011.0	438.0
413011.0	439.0
413011.0	440.0
413011.0	441.0
413011.0	442.0
413011.0	443.0
413011.0	444.0
413011.0	445.0
413011.0	446.0
413011.0	447.0
413011.0	448.0
413011.0	449.0
413011.0	450.0
413011.0	451.0
413011.0	452.0
413011.0	453.0
413011.0	454.0
413011.0	455.0
413011.0	456.0
413011.0	457.0
413011.0	458.0
413011.0	459.0
413011.0	460.0
413011.0	461.0
413011.0	462.0
413011.0	463.0
413011.0	464.0
413011.0	465.0
413011.0	466.0
413011.0	467.0
413011.0	468.0
413011.0	469.0
413011.0	470.0
413011.0	471.0
413011.0	472.0
413011.0	473.0
413011.0	474.0
413011.0	475.0
413011.0	476.0
413011.0	477.0
413011.0	478.0
413011.0	479.0
413011.0	480.0
413011.0	481.0
413011.0	482.0
413011.0	483.0
413011.0	484.0
413011.0	485.0
413011.0	486.0
413011.0	487.0
413011.0	488.0
413011.0	489.0
413011.0	490.0
413011.0	491.0
413011.0	492.0
413011.0	493.0
413011.0	494.0
413011.0	495.0
413011.0	496.0
413011.0	497.0
413011.0	498.0
413011.0	499.0
413011.0	500.0
413011.0	501.0
413011.0	502.0
413011.0	503.0
413011.0	504.0
413011.0	505.0
413011.0	506.0
413011.0	507.0
413011.0	508.0
413011.0	509.0
413011.0	510.0
413011.0	511.0
413011.0	512.0
413011.0	513.0
413011.0	514.0
413011.0	515.0
413011.0	516.0
413011.0	517.0
413011.0	518.0
413011.0	519.0
413011.0	520.0
413011.0	521.0
413011.0	522.0
413011.0	523.0
413011.0	524.0
413011.0	525.0
413011.0	526.0
413011.0	527.0
413011.0	528.0
413011.0	529.0
413011.0	530.0
413011.0	531.0
413011.0	532.0
413011.0	533.0
413011.0	534.0
413011.0	535.0
413011.0	536.0
413011.0	537.0
413011.0	538.0
413011.0	539.0
413011.0	540.0
413011.0	541.0
413011.0	542.0
413011.0	543.0
413011.0	544.0
413011.0	545.0
413011.0	546.0
413011.0	547.0
413011.0	548.0
413011.0	549.0
413011.0	550.0
413011.0	551.0
413011.0	552.0
413011.0	553.0
413011.0	554.0
413011.0	555.0
413011.0	556.0
413011.0	557.0
413011.0	558.0
413011.0	559.0
413011.0	560.0
413011.0	561.0
413011.0	562.0
413011.0	563.0
413011.0	564.0
413011.0	565.0
413011.0	566.0
413011.0	567.0
413011.0	568.0
413011.0	569.0
413011.0	570.0
413011.0	571.0
413011.0	572.0
413011.0	573.0
413011.0	574.0
413011.0	575.0
413011.0	576.0
413011.0	577.0
413011.0	578.0
413011.0	579.0
413011.0	580.0
413011.0	581.0
413011.0	582.0
413011.0	583.0
413011.0	584.0
413011.0	585.0
413011.0	586.0
413011.0	587.0
413011.0	588.0
413011.0	589.0
413011.0	590.0
413011.0	591.0
413011.0	592.0
413011.0	593.0
413011.0	594.0
413011.0	595.0
413011.0	596.0
413011.0	597.0
413011.0	598.0
413011.0	599.0
413011.0	600.0
413011.0	601.0
413011.0	602.0
413011.0	603.0
413011.0	604.0
413011.0	605.0
413011.0	606.0
413011.0	607.0
413011.0	608.0
413011.0	609.0
413011.0	610.0
413011.0	611.0
413011.0	612.0
413011.0	613.0
413011.0	614.0
413011.0	615.0
413011.0	616.0
413011.0	617.0
413011.0	618.0
413011.0	619.0
413011.0	620.0
413011.0	621.0
413011.0	622.0
413011.0	623.0
413011.0	624.0
413011.0	625.0
413011.0	626.0
413011.0	627.0
413011.0	628.0
413011.0	629.0
413011.0	630.0
413011.0	631.0
413011.0	632.0
413011.0	633.0
413011.0	634.0
413011.0	635.0
413011.0	636.0
413011.0	637.0
413011.0	638.0
413011.0	639.0
413011.0	640.0
413011.0	641.0
413011.0	642.0
413011.0	643.0
413011.0	644.0
413011.0	645.0
413011.0	646.0
413011.0	647.0
413011.0	648.0
413011.0	649.0
413011.0	650.0
413011.0	651.0
413011.0	652.0
413011.0	653.0
413011.0	654.0
413011.0	655.0
413011.0	656.0
413011.0	657.0
413011.0	658.0
413011.0	659.0
413011.0	660.0
413011.0	661.0
413011.0	662.0
413011.0	663.0
413011.0	664.0
413011.0	665.0
413011.0	666.0
413011.0	667.0
413011.0	668.0
413011.0	669.0
413011.0	670.0
413011.0	671.0
413011.0	672.0
413011.0	673.0
413011.0	674.0
413011.0	675.0
413011.0	676.0
413011.0	677.0
413011.0	678.0
413011.0	679.0
413011.0	680.0
413011.0	681.0
413011.0	682.0
413011.0	683.0
413011.0	684.0
413011.0	685.0
413011.0	686.0
413011.0	687.0
413011.0	688.0
413011.0	689.0
413011.0	690.0
413011.0	691.0
413011.0	692.0
413011.0	693.0
413011.0	694.0
413011.0	695.0
413011.0	696.0
413011.0	697.0
413011.0	698.0
413011.0	699.0
413011.0	700.0
413011.0	701.0
413011.0	702.0
413011.0	703.0
413011.0	704.0
413011.0	705.0
413011.0	706.0
413011.0	707.0
413011.0	708.0
413011.0	709.0
413011.0	710.0
413011.0	711.0
413011.0	712.0
413011.0	713.0
413011.0	714.0
413011.0	715.0
413011.0	716.0
413011.0	717.0
413011.0	718.0
413011.0	719.0
413011.0	720.0
413011.0	721.0
413011.0	722.0
413011.0	723.0
413011.0	724.0
413011.0	725.0
413011.0	726.0
413011.0	727.0
413011.0	728.0
413011.0	729.0
413011.0	730.0
413011.0	731.0
413011.0	732.0
413011.0	733.0
413011.0	734.0
413011.0	735.0
413011.0	736.0
413011.0	737.0
413011.0	738.0
413011.0	739.0
413011.0	740.0
413011.0	741.0
413011.0	742.0
413011.0	743.0
413011.0	744.0
413011.0	745.0
413011.0	746.0
413011.0	747.0
413011.0	748.0
413011.0	749.0
413011.0	750.0
413011.0	751.0
413011.0	752.0
413011.0	753.0
413011.0	754.0
413011.0	755.0
413011.0	756.0
413011.0	757.0
413011.0	758.0
413011.0	759.0
413011.0	760.0
413011.0	761.0
413011.0	762.0
413011.0	763.0
413011.0	764.0
413011.0	765.0
413011.0	766.0
413011.0	767.0
413011.0	768.0
413011.0	769.0
413011.0	770.0
413011.0	771.0
413011.0	772.0
413011.0	773.0
413011.0	774.0
413011.0	775.0
413011.0	776.0
413011.0	777.0
413011.0	778.0
413011.0	779.0
413011.0	780.0
413011.0	781.0
413011.0	782.0
413011.0	783.0
413011.0	784.0
413011.0	785.0
413011.0	786.0
413011.0	787.0
413011.0	788.0
413011.0	789.0
413011.0	790.0
413011.0	791.0
413011.0	792.0
413011.0	793.0
413011.0	794.0
413011.0	795.0
413011.0	796.0
413011.0	797.0
413011.0	798.0
413011.0	799.0
413011.0	800.0
413011.0	801.0
413011.0	802.0
413011.0	803.0
413011.0	804.0
413011.0	805.0
413011.0	806.0
413011.0	807.0
413011.0	808.0
413011.0	809.0
413011.0	810.0
413011.0	811.0
413011.0	812.0
413011.0	813.0
413011.0	814.0
413011.0	815.0
413011.0	816.0
413011.0	817.0
413011.0	818.0
413011.0	819.0
413011.0	820.0
413011.0	821.0
413011.0	822.0
413011.0	823.0
413011.0	824.0
413011.0	825.0
413011.0	826.0
413011.0	827.0
413011.0	828.0
413011.0	829.0
413011.0	830.0
413011.0	831.0
413011.0	832.0
413011.0	833.0
413011.0	834.0
413011.0	835.0
413011.0	836.0
413011.0	837.0
413011.0	838.0
413011.0	839.0
413011.0	840.0
413011.0	841.0
413011.0	842.0
413011.0	843.0
413011.0	844.0
413011.0	845.0
413011.0	846.0
413011.0	847.0
413011.0	848.0
413011.0	849.0
413011.0	850.0
413011.0	851.0
413011.0	852.0
413011.0	853.0
413011.0	854.0
413011.0	855.0
413011.0	856.0
413011.0	857.0
413011.0	858.0
413011.0	859.0
413011.0	860.0
413011.0	861.0
413011.0	862.0
413011.0	863.0
413011.0	864.0
413011.0	865.0
413011.0	866.0
413011.0	867.0
413011.0	868.0
413011.0	869.0
413011.0	870.0
413011.0	871.0
413011.0	872.0
413011.0	873.0
413011.0	874.0
413011.0	875.0
413011.0	876.0
413011.0	877.0
413011.0	878.0
413011.0	879.0
413011.0	880.0
413011.0	881.0
413011.0	882.0
413011.0	883.0
413011.0	884.0
413011.0	885.0
413011.0	886.0
413011.0	887.0
413011.0	888.0
413011.0	889.0
413011.0	890.0
413011.0	891.0
413011.0	892.0
413011.0	893.0
413011.0	894.0
413011.0	895.0
413011.0	896.0
413011.0	897.0
413011.0	898.0
413011.0	899.0
413011.0	900.0
413011.0	901.0
413011.0	902.0
413011.0	903.0
413011.0	904.0
413011.0	905.0
413011.0	906.0
413011.0	907.0
413011.0	908.0
413011.0	909.0
413011.0	910.0
413011.0	911.0
413011.0	912.0
413011.0	913.0
413011.0	914.0
413011.0	915.0
413011.0	916.0
413011.0	917.0
413011.0	918.0
413011.0	919.0
413011.0	920.0
413011.0	921.0
413011.0	922.0
413011.0	923.0
413011.0	924.0
413011.0	925.0
413011.0	926.0
413011.0	927.0
413011.0	928.0
413011.0	929.0
413011.0	930.0
413011.0	931.0
413011.0	932.0
413011.0	933.0
413011.0	934.0
413011.0	935.0
413011.0	936.0
413011.0	937.0
413011.0	938.0
413011.0	939.0
413011.0	940.0
413011.0	941.0
413011.0	942.0
413011.0	943.0
413011.0	944.0
413011.0	945.0
413011.0	946.0
413011.0	947.0
413011.0	948.0
413011.0	949.0
413011.0	950.0
413011.0	951.0
413011.0	952.0
413011.0	953.0
413011.0	954.0
413011.0	955.0
413011.0	956.0
413011.0	957.0
413011.0	958.0
413011.0	959.0
413011.0	960.0
413011.0	961.0
413011.0	962.0
413011.0	963.0
413011.0	964.0
413011.0	965.0
413011.0	966.0
413011.0	967.0
413011.0	968.0
413011.0	969.0
413011.0	970.0
413011.0	971.0
413011.0	972.0
413011.0	973.0
413011.0	974.0
413011.0	975.0
413011.0	976.0
413011.0	977.0
413011.0	978.0
413011.0	979.0
413011.0	980.0
413011.0	981.0
413011.0	982.0
413011.0	983.0
413011.0	984.0
413011.0	985.0
413011.0	986.0
413011.0	987.0
413011.0	988.0
413011.0	989.0
413011.0	990.0
413011.0	991.0
413011.0	992.0
413011.0	993.0
413011.0	994.0
413011.0	995.0
413011.0	996.0
413011.0	997.0
413011.0	998.0
413011.0	999.0
413011.0	1000.0
413011.0	1001.0
413011.0	1002.0
413011.0	1003.0
413011.0	1004.0
413011.0	1005.0
413011.0	1006.0
413011.0	1007.0
413011.0	1008.0
413011.0	1009.0
413011.0	1010.0
413011.0	1011.0
413011.0	1012.0
413011.0	1013.0
413011.0	1014.0
413011.0	1015.0
413011.0	1016.0
413011.0	1017.0
413011.0	1018.0
413011.0	1019.0
413011.0	1020.0
413011.0	1021.0
413011.0	1022.0
413011.0	1023.0
413011.0	1024.0
413011.0	1025.0
413011.0	1026.0
413011.0	1027.0
413011.0	1028.0
413011.0	1029.0
413011.0	1030.0
413011.0	1031.0
413011.0	1032.0
413011.0	1033.0
413011.0	1034.0
413011.0	1035.0
413011.0	1036.0
413011.0	1037.0
413011.0	1038.0
413011.0	1039.0
413011.0	1040.0
413011.0	1041.0
413011.0	1042.0
413011.0	1043.0
413011.0	1044.0
413011.0	1045.0
413011.0	1046.0
413011.0	1047.0
413011.0	1048.0
413011.0	1049.0
413011.0	1050.0
413011.0	1051.0
413011.0	1052.0
413011.0	1053.0
413011.0	1054.0
413011.0	1055.0
413011.0	1056.0
413011.0	1057.0
413011.0	1058.0
413011.0	1059.0
413011.0	1060.0
413011.0	1061.0
413011.0	1062.0
413011.0	1063.0
413011.0	1064.0
413011.0	1065.0
413011.0	1066.0
413011.0	1067.0
413011.0	1068.0
413011.0	1069.0
413011.0	1070.0
413011.0	1071.0
413011.0	1072.0
413011.0	1073.0
413011.0	1074.0
413011.0	1075.0
413011.0	1076.0
413011.0	1077.0
413011.0	1078.0
413011.0	1079.0
413011.0	1080.0
413011.0	1081.0
413011.0	1082.0
413011.0	1083.0
413011.0	1084.0
413011.0	1085.0
413011.0	1086.0
413011.0	1087.0
413011.0	1088.0
413011.0	1089.0
413011.0	1090.0
413011.0	1091.0
413011.0	1092.0
413011.0	1093.0
413011.0	1094.0
413011.0	1095.0
413011.0	1096.0
413011.0	1097.0
413011.0	1098.0
413011.0	1099.0
413011.0	1100.0
413011.0	1101.0
413011.0	1102.0
413011.0	1103.0
413011.0	1104.0
413011.0	1105.0
413011.0	1106.0
413011.0	1107.0
413011.0	1108.0
413011.0	1109.0
413011.0	1110.0
413011.0	1111.0
413011.0	1112.0
413011.0	1113.0
413011.0	1114.0
413011.0	1115.0
413011.0	1116.0
413011.0	1117.0
413011.0	1118.0
413011.0	1119.0
413011.0	1120.0
413011.0	1121.0
413011.0	1122.0
413011.0	1123.0
413011.0	1124.0
413011.0	1125.0
413011.0	1126.0
413011.0	1127.0
413011.0	1128.0
413011.0	1129.0
413011.0	1130.0
413011.0	1131.0
413011.0	1132.0
413011.0	1133.0
413011.0	1134.0
413011.0	1135.0
