error	steps
8502902.5	0.0
8347722.5	1.0
8190816.5	2.0
8002631.5	3.0
7549668.5	4.0
7358798.5	5.0
7008529.5	6.0
6909105.5	7.0
6624274.0	8.0
6325392.0	9.0
5963107.0	10.0
5915869.0	11.0
5772959.0	12.0
5322204.0	13.0
4831597.5	14.0
4831597.5	15.0
4519197.5	16.0
4422813.0	17.0
4225882.0	18.0
4212351.5	19.0
3805625.5	20.0
3707161.0	21.0
3702151.5	22.0
3685621.5	23.0
3635514.5	24.0
3512731.5	25.0
3424257.0	26.0
3338202.0	27.0
3305460.0	28.0
3305460.0	29.0
3278981.0	30.0
3237735.0	31.0
3237735.0	32.0
3235872.0	33.0
3235872.0	34.0
3235872.0	35.0
3225809.0	36.0
3225809.0	37.0
3225809.0	38.0
3225809.0	39.0
3225809.0	40.0
3225809.0	41.0
3126965.5	42.0
3126965.5	43.0
3126965.5	44.0
3084796.5	45.0
3084796.5	46.0
3084796.5	47.0
3083380.5	48.0
3083380.5	49.0
3083380.5	50.0
3083380.5	51.0
3083380.5	52.0
3083380.5	53.0
3074597.5	54.0
3074597.5	55.0
3058913.0	56.0
3054369.0	57.0
3054369.0	58.0
3054369.0	59.0
3054369.0	60.0
3054369.0	61.0
3054369.0	62.0
3054369.0	63.0
3054369.0	64.0
3036260.5	65.0
3036260.5	66.0
3036260.5	67.0
3027310.5	68.0
2994949.5	69.0
2994949.5	70.0
2994949.5	71.0
2994949.5	72.0
2994949.5	73.0
2994949.5	74.0
2994949.5	75.0
2994949.5	76.0
2994949.5	77.0
2994949.5	78.0
2994949.5	79.0
2994949.5	80.0
2994949.5	81.0
2994949.5	82.0
2994949.5	83.0
2994949.5	84.0
2994949.5	85.0
2994949.5	86.0
2994949.5	87.0
2994949.5	88.0
2994949.5	89.0
2994949.5	90.0
2994949.5	91.0
2994949.5	92.0
2994949.5	93.0
2994949.5	94.0
2994949.5	95.0
2994949.5	96.0
2994949.5	97.0
2994949.5	98.0
2994949.5	99.0
2994949.5	100.0
2994949.5	101.0
2994949.5	102.0
2994949.5	103.0
2994949.5	104.0
2994949.5	105.0
2994949.5	106.0
2994949.5	107.0
2994949.5	108.0
2994949.5	109.0
2994949.5	110.0
2994949.5	111.0
2994949.5	112.0
2994949.5	113.0
2994949.5	114.0
2994949.5	115.0
2994949.5	116.0
2994949.5	117.0
2994949.5	118.0
2994949.5	119.0
2994949.5	120.0
2994949.5	121.0
2994949.5	122.0
2994949.5	123.0
2994949.5	124.0
2994949.5	125.0
2994949.5	126.0
2994949.5	127.0
2994949.5	128.0
2994949.5	129.0
2994949.5	130.0
2994949.5	131.0
2994949.5	132.0
2994949.5	133.0
2994949.5	134.0
2994949.5	135.0
2994949.5	136.0
2994949.5	137.0
2994949.5	138.0
2994949.5	139.0
2994949.5	140.0
2994949.5	141.0
2994949.5	142.0
2994949.5	143.0
2994949.5	144.0
2994949.5	145.0
2994949.5	146.0
2994949.5	147.0
2994949.5	148.0
2994949.5	149.0
2994949.5	150.0
2994949.5	151.0
2994949.5	152.0
2994949.5	153.0
2994949.5	154.0
2994949.5	155.0
2994949.5	156.0
2994949.5	157.0
2994949.5	158.0
2994949.5	159.0
2994949.5	160.0
2994949.5	161.0
2994949.5	162.0
2994949.5	163.0
2994949.5	164.0
2994949.5	165.0
2994949.5	166.0
2994949.5	167.0
2994949.5	168.0
2994949.5	169.0
2994949.5	170.0
2994949.5	171.0
2994949.5	172.0
2994949.5	173.0
2994949.5	174.0
2994949.5	175.0
2994949.5	176.0
2994949.5	177.0
2994949.5	178.0
2994949.5	179.0
2994949.5	180.0
2994949.5	181.0
2994949.5	182.0
2994949.5	183.0
2994949.5	184.0
2994949.5	185.0
2994949.5	186.0
2994949.5	187.0
2994949.5	188.0
2994949.5	189.0
2994949.5	190.0
2994949.5	191.0
2994949.5	192.0
2994949.5	193.0
2994949.5	194.0
2994949.5	195.0
2994949.5	196.0
2994949.5	197.0
2994949.5	198.0
2994949.5	199.0
2994949.5	200.0
2994949.5	201.0
2994949.5	202.0
2994949.5	203.0
2994949.5	204.0
2994949.5	205.0
2994949.5	206.0
2994949.5	207.0
2994949.5	208.0
2994949.5	209.0
2994949.5	210.0
2994949.5	211.0
2994949.5	212.0
2994949.5	213.0
2994949.5	214.0
2994949.5	215.0
2994949.5	216.0
2994949.5	217.0
2994949.5	218.0
2994949.5	219.0
2994949.5	220.0
2994949.5	221.0
2994949.5	222.0
2994949.5	223.0
2994949.5	224.0
2994949.5	225.0
2994949.5	226.0
2994949.5	227.0
2994949.5	228.0
2994949.5	229.0
2994949.5	230.0
2994949.5	231.0
2994949.5	232.0
2994949.5	233.0
2994949.5	234.0
2994949.5	235.0
2994949.5	236.0
2994949.5	237.0
2994949.5	238.0
2994949.5	239.0
2994949.5	240.0
2994949.5	241.0
2994949.5	242.0
2994949.5	243.0
2994949.5	244.0
2994949.5	245.0
2994949.5	246.0
2994949.5	247.0
2994949.5	248.0
2994949.5	249.0
2994949.5	250.0
2994949.5	251.0
2994949.5	252.0
2994949.5	253.0
2994949.5	254.0
2994949.5	255.0
2994949.5	256.0
2994949.5	257.0
2994949.5	258.0
2994949.5	259.0
2994949.5	260.0
2994949.5	261.0
2994949.5	262.0
2994949.5	263.0
2994949.5	264.0
2994949.5	265.0
2994949.5	266.0
2994949.5	267.0
2994949.5	268.0
2994949.5	269.0
2994949.5	270.0
2994949.5	271.0
2994949.5	272.0
2994949.5	273.0
2994949.5	274.0
2994949.5	275.0
2994949.5	276.0
2994949.5	277.0
2994949.5	278.0
2994949.5	279.0
2994949.5	280.0
2994949.5	281.0
2994949.5	282.0
2994949.5	283.0
2994949.5	284.0
2994949.5	285.0
2994949.5	286.0
2994949.5	287.0
2994949.5	288.0
2994949.5	289.0
2994949.5	290.0
2994949.5	291.0
2994949.5	292.0
2994949.5	293.0
2994949.5	294.0
2994949.5	295.0
2994949.5	296.0
2994949.5	297.0
2994949.5	298.0
2994949.5	299.0
2994949.5	300.0
2994949.5	301.0
2994949.5	302.0
2994949.5	303.0
2994949.5	304.0
2994949.5	305.0
2994949.5	306.0
2994949.5	307.0
2994949.5	308.0
2994949.5	309.0
2994949.5	310.0
2994949.5	311.0
2994949.5	312.0
2994949.5	313.0
2994949.5	314.0
2994949.5	315.0
2994949.5	316.0
2994949.5	317.0
2994949.5	318.0
2994949.5	319.0
2994949.5	320.0
2994949.5	321.0
2994949.5	322.0
2994949.5	323.0
2994949.5	324.0
2994949.5	325.0
2994949.5	326.0
2994949.5	327.0
2994949.5	328.0
2994949.5	329.0
2994949.5	330.0
2994949.5	331.0
2994949.5	332.0
2994949.5	333.0
2994949.5	334.0
2994949.5	335.0
2994949.5	336.0
2994949.5	337.0
2994949.5	338.0
2994949.5	339.0
2994949.5	340.0
2994949.5	341.0
2994949.5	342.0
2994949.5	343.0
2994949.5	344.0
2994949.5	345.0
2994949.5	346.0
2994949.5	347.0
2994949.5	348.0
2994949.5	349.0
2994949.5	350.0
2994949.5	351.0
2994949.5	352.0
2994949.5	353.0
2994949.5	354.0
2994949.5	355.0
2994949.5	356.0
2994949.5	357.0
2994949.5	358.0
2994949.5	359.0
2994949.5	360.0
2994949.5	361.0
2994949.5	362.0
2994949.5	363.0
2994949.5	364.0
2994949.5	365.0
2994949.5	366.0
2994949.5	367.0
2994949.5	368.0
2994949.5	369.0
2994949.5	370.0
2994949.5	371.0
2994949.5	372.0
2994949.5	373.0
2994949.5	374.0
2994949.5	375.0
2994949.5	376.0
2994949.5	377.0
2994949.5	378.0
2994949.5	379.0
2994949.5	380.0
2994949.5	381.0
2994949.5	382.0
2994949.5	383.0
2994949.5	384.0
2994949.5	385.0
2994949.5	386.0
2994949.5	387.0
2994949.5	388.0
2994949.5	389.0
2994949.5	390.0
2994949.5	391.0
2994949.5	392.0
2994949.5	393.0
2994949.5	394.0
2994949.5	395.0
2994949.5	396.0
2994949.5	397.0
2994949.5	398.0
2994949.5	399.0
2994949.5	400.0
2994949.5	401.0
2994949.5	402.0
2994949.5	403.0
2994949.5	404.0
2994949.5	405.0
2994949.5	406.0
2994949.5	407.0
2994949.5	408.0
2994949.5	409.0
2994949.5	410.0
2994949.5	411.0
2994949.5	412.0
2994949.5	413.0
2994949.5	414.0
2994949.5	415.0
2994949.5	416.0
2994949.5	417.0
2994949.5	418.0
2994949.5	419.0
2994949.5	420.0
2994949.5	421.0
2994949.5	422.0
2994949.5	423.0
2994949.5	424.0
2994949.5	425.0
2994949.5	426.0
2994949.5	427.0
2994949.5	428.0
2994949.5	429.0
2994949.5	430.0
2994949.5	431.0
2994949.5	432.0
2994949.5	433.0
2994949.5	434.0
2994949.5	435.0
2994949.5	436.0
2994949.5	437.0
2994949.5	438.0
2994949.5	439.0
2994949.5	440.0
2994949.5	441.0
2994949.5	442.0
2994949.5	443.0
2994949.5	444.0
2994949.5	445.0
2994949.5	446.0
2994949.5	447.0
2994949.5	448.0
2994949.5	449.0
2994949.5	450.0
2994949.5	451.0
2994949.5	452.0
2994949.5	453.0
2994949.5	454.0
2994949.5	455.0
2994949.5	456.0
2994949.5	457.0
2994949.5	458.0
2994949.5	459.0
2994949.5	460.0
2994949.5	461.0
2994949.5	462.0
2994949.5	463.0
2994949.5	464.0
2994949.5	465.0
2994949.5	466.0
2994949.5	467.0
2994949.5	468.0
2994949.5	469.0
2994949.5	470.0
2994949.5	471.0
2994949.5	472.0
2994949.5	473.0
2994949.5	474.0
2994949.5	475.0
2994949.5	476.0
2994949.5	477.0
2994949.5	478.0
2994949.5	479.0
2994949.5	480.0
2994949.5	481.0
2994949.5	482.0
2994949.5	483.0
2994949.5	484.0
2994949.5	485.0
2994949.5	486.0
2994949.5	487.0
2994949.5	488.0
2994949.5	489.0
2994949.5	490.0
2994949.5	491.0
2994949.5	492.0
2994949.5	493.0
2994949.5	494.0
2994949.5	495.0
2994949.5	496.0
2994949.5	497.0
2994949.5	498.0
2994949.5	499.0
2994949.5	500.0
2994949.5	501.0
2994949.5	502.0
2994949.5	503.0
2994949.5	504.0
2994949.5	505.0
2994949.5	506.0
2994949.5	507.0
2994949.5	508.0
2994949.5	509.0
2994949.5	510.0
2994949.5	511.0
2994949.5	512.0
2994949.5	513.0
2994949.5	514.0
2994949.5	515.0
2994949.5	516.0
2994949.5	517.0
2994949.5	518.0
2994949.5	519.0
2994949.5	520.0
2994949.5	521.0
2994949.5	522.0
2994949.5	523.0
2994949.5	524.0
2994949.5	525.0
2994949.5	526.0
2994949.5	527.0
2994949.5	528.0
2994949.5	529.0
2994949.5	530.0
2994949.5	531.0
2994949.5	532.0
2994949.5	533.0
2994949.5	534.0
2994949.5	535.0
2994949.5	536.0
2994949.5	537.0
2994949.5	538.0
2994949.5	539.0
2994949.5	540.0
2994949.5	541.0
2994949.5	542.0
2994949.5	543.0
2994949.5	544.0
2994949.5	545.0
2994949.5	546.0
2994949.5	547.0
2994949.5	548.0
2994949.5	549.0
2994949.5	550.0
2994949.5	551.0
2994949.5	552.0
2994949.5	553.0
2994949.5	554.0
2994949.5	555.0
2994949.5	556.0
2994949.5	557.0
2994949.5	558.0
2994949.5	559.0
2994949.5	560.0
2994949.5	561.0
2994949.5	562.0
2994949.5	563.0
2994949.5	564.0
2994949.5	565.0
2994949.5	566.0
2994949.5	567.0
2994949.5	568.0
2994949.5	569.0
2994949.5	570.0
2994949.5	571.0
2994949.5	572.0
2994949.5	573.0
2994949.5	574.0
2994949.5	575.0
2994949.5	576.0
2994949.5	577.0
2994949.5	578.0
2994949.5	579.0
2994949.5	580.0
2994949.5	581.0
2994949.5	582.0
2994949.5	583.0
2994949.5	584.0
2994949.5	585.0
2994949.5	586.0
2994949.5	587.0
2994949.5	588.0
2994949.5	589.0
2994949.5	590.0
2994949.5	591.0
2994949.5	592.0
2994949.5	593.0
2994949.5	594.0
2994949.5	595.0
2994949.5	596.0
2994949.5	597.0
2994949.5	598.0
2994949.5	599.0
2994949.5	600.0
2994949.5	601.0
2994949.5	602.0
2994949.5	603.0
2994949.5	604.0
2994949.5	605.0
2994949.5	606.0
2994949.5	607.0
2994949.5	608.0
2994949.5	609.0
2994949.5	610.0
2994949.5	611.0
2994949.5	612.0
2994949.5	613.0
2994949.5	614.0
2994949.5	615.0
2994949.5	616.0
2994949.5	617.0
2994949.5	618.0
2994949.5	619.0
2994949.5	620.0
2994949.5	621.0
2994949.5	622.0
2994949.5	623.0
2994949.5	624.0
2994949.5	625.0
2994949.5	626.0
2994949.5	627.0
2994949.5	628.0
2994949.5	629.0
2994949.5	630.0
2994949.5	631.0
2994949.5	632.0
2994949.5	633.0
2994949.5	634.0
2994949.5	635.0
2994949.5	636.0
2994949.5	637.0
2994949.5	638.0
2994949.5	639.0
2994949.5	640.0
2994949.5	641.0
2994949.5	642.0
2994949.5	643.0
2994949.5	644.0
2994949.5	645.0
2994949.5	646.0
2994949.5	647.0
2994949.5	648.0
2994949.5	649.0
2994949.5	650.0
2994949.5	651.0
2994949.5	652.0
2994949.5	653.0
2994949.5	654.0
2994949.5	655.0
2994949.5	656.0
2994949.5	657.0
2994949.5	658.0
2994949.5	659.0
2994949.5	660.0
2994949.5	661.0
2994949.5	662.0
2994949.5	663.0
2994949.5	664.0
2994949.5	665.0
2994949.5	666.0
2994949.5	667.0
2994949.5	668.0
2994949.5	669.0
2994949.5	670.0
2994949.5	671.0
2994949.5	672.0
2994949.5	673.0
2994949.5	674.0
2994949.5	675.0
2994949.5	676.0
2994949.5	677.0
2994949.5	678.0
2994949.5	679.0
2994949.5	680.0
2994949.5	681.0
2994949.5	682.0
2994949.5	683.0
2994949.5	684.0
2994949.5	685.0
2994949.5	686.0
2994949.5	687.0
2994949.5	688.0
2994949.5	689.0
2994949.5	690.0
2994949.5	691.0
2994949.5	692.0
2994949.5	693.0
2994949.5	694.0
2994949.5	695.0
2994949.5	696.0
2994949.5	697.0
2994949.5	698.0
2994949.5	699.0
2994949.5	700.0
2994949.5	701.0
2994949.5	702.0
2994949.5	703.0
2994949.5	704.0
2994949.5	705.0
2994949.5	706.0
2994949.5	707.0
2994949.5	708.0
2994949.5	709.0
2994949.5	710.0
2994949.5	711.0
2994949.5	712.0
2994949.5	713.0
2994949.5	714.0
2994949.5	715.0
2994949.5	716.0
2994949.5	717.0
2994949.5	718.0
2994949.5	719.0
2994949.5	720.0
2994949.5	721.0
2994949.5	722.0
2994949.5	723.0
2994949.5	724.0
2994949.5	725.0
2994949.5	726.0
2994949.5	727.0
2994949.5	728.0
2994949.5	729.0
2994949.5	730.0
2994949.5	731.0
2994949.5	732.0
2994949.5	733.0
2994949.5	734.0
2994949.5	735.0
2994949.5	736.0
2994949.5	737.0
2994949.5	738.0
2994949.5	739.0
2994949.5	740.0
2994949.5	741.0
2994949.5	742.0
2994949.5	743.0
2994949.5	744.0
2994949.5	745.0
2994949.5	746.0
2994949.5	747.0
2994949.5	748.0
2994949.5	749.0
2994949.5	750.0
2994949.5	751.0
2994949.5	752.0
2994949.5	753.0
2994949.5	754.0
2994949.5	755.0
2994949.5	756.0
2994949.5	757.0
2994949.5	758.0
2994949.5	759.0
2994949.5	760.0
2994949.5	761.0
2994949.5	762.0
2994949.5	763.0
2994949.5	764.0
2994949.5	765.0
2994949.5	766.0
2994949.5	767.0
2994949.5	768.0
2994949.5	769.0
2994949.5	770.0
2994949.5	771.0
2994949.5	772.0
2994949.5	773.0
2994949.5	774.0
2994949.5	775.0
2994949.5	776.0
2994949.5	777.0
2994949.5	778.0
2994949.5	779.0
2994949.5	780.0
2994949.5	781.0
2994949.5	782.0
2994949.5	783.0
2994949.5	784.0
2994949.5	785.0
2994949.5	786.0
2994949.5	787.0
2994949.5	788.0
2994949.5	789.0
2994949.5	790.0
2994949.5	791.0
2994949.5	792.0
2994949.5	793.0
2994949.5	794.0
2994949.5	795.0
2994949.5	796.0
2994949.5	797.0
2994949.5	798.0
2994949.5	799.0
2994949.5	800.0
2994949.5	801.0
2994949.5	802.0
2994949.5	803.0
2994949.5	804.0
2994949.5	805.0
2994949.5	806.0
2994949.5	807.0
2994949.5	808.0
2994949.5	809.0
2994949.5	810.0
2994949.5	811.0
2994949.5	812.0
2994949.5	813.0
2994949.5	814.0
2994949.5	815.0
2994949.5	816.0
2994949.5	817.0
2994949.5	818.0
2994949.5	819.0
2994949.5	820.0
2994949.5	821.0
2994949.5	822.0
2994949.5	823.0
2994949.5	824.0
2994949.5	825.0
2994949.5	826.0
2994949.5	827.0
2994949.5	828.0
2994949.5	829.0
2994949.5	830.0
2994949.5	831.0
2994949.5	832.0
2994949.5	833.0
2994949.5	834.0
2994949.5	835.0
2994949.5	836.0
2994949.5	837.0
2994949.5	838.0
2994949.5	839.0
2994949.5	840.0
2994949.5	841.0
2994949.5	842.0
2994949.5	843.0
2994949.5	844.0
2994949.5	845.0
2994949.5	846.0
2994949.5	847.0
2994949.5	848.0
2994949.5	849.0
2994949.5	850.0
2994949.5	851.0
2994949.5	852.0
2994949.5	853.0
2994949.5	854.0
2994949.5	855.0
2994949.5	856.0
2994949.5	857.0
2994949.5	858.0
2994949.5	859.0
2994949.5	860.0
2994949.5	861.0
2994949.5	862.0
2994949.5	863.0
2994949.5	864.0
2994949.5	865.0
2994949.5	866.0
2994949.5	867.0
2994949.5	868.0
2994949.5	869.0
2994949.5	870.0
2994949.5	871.0
2994949.5	872.0
2994949.5	873.0
2994949.5	874.0
2994949.5	875.0
2994949.5	876.0
2994949.5	877.0
2994949.5	878.0
2994949.5	879.0
2994949.5	880.0
2994949.5	881.0
2994949.5	882.0
2994949.5	883.0
2994949.5	884.0
2994949.5	885.0
2994949.5	886.0
2994949.5	887.0
2994949.5	888.0
2994949.5	889.0
2994949.5	890.0
2994949.5	891.0
2994949.5	892.0
2994949.5	893.0
2994949.5	894.0
2994949.5	895.0
2994949.5	896.0
2994949.5	897.0
2994949.5	898.0
2994949.5	899.0
2994949.5	900.0
2994949.5	901.0
2994949.5	902.0
2994949.5	903.0
2994949.5	904.0
2994949.5	905.0
2994949.5	906.0
2994949.5	907.0
2994949.5	908.0
2994949.5	909.0
2994949.5	910.0
2994949.5	911.0
2994949.5	912.0
2994949.5	913.0
2994949.5	914.0
2994949.5	915.0
2994949.5	916.0
2994949.5	917.0
2994949.5	918.0
2994949.5	919.0
2994949.5	920.0
2994949.5	921.0
2994949.5	922.0
2994949.5	923.0
2994949.5	924.0
2994949.5	925.0
2994949.5	926.0
2994949.5	927.0
2994949.5	928.0
2994949.5	929.0
2994949.5	930.0
2994949.5	931.0
2994949.5	932.0
2994949.5	933.0
2994949.5	934.0
2994949.5	935.0
2994949.5	936.0
2994949.5	937.0
2994949.5	938.0
2994949.5	939.0
2994949.5	940.0
2994949.5	941.0
2994949.5	942.0
2994949.5	943.0
2994949.5	944.0
2994949.5	945.0
2994949.5	946.0
2994949.5	947.0
2994949.5	948.0
2994949.5	949.0
2994949.5	950.0
2994949.5	951.0
2994949.5	952.0
2994949.5	953.0
2994949.5	954.0
2994949.5	955.0
2994949.5	956.0
2994949.5	957.0
2994949.5	958.0
2994949.5	959.0
2994949.5	960.0
2994949.5	961.0
2994949.5	962.0
2994949.5	963.0
2994949.5	964.0
2994949.5	965.0
2994949.5	966.0
2994949.5	967.0
2994949.5	968.0
2994949.5	969.0
2994949.5	970.0
2994949.5	971.0
2994949.5	972.0
2994949.5	973.0
2994949.5	974.0
2994949.5	975.0
2994949.5	976.0
2994949.5	977.0
2994949.5	978.0
2994949.5	979.0
2994949.5	980.0
2994949.5	981.0
2994949.5	982.0
2994949.5	983.0
2994949.5	984.0
2994949.5	985.0
2994949.5	986.0
2994949.5	987.0
2994949.5	988.0
2994949.5	989.0
2994949.5	990.0
2994949.5	991.0
2994949.5	992.0
2994949.5	993.0
2994949.5	994.0
2994949.5	995.0
2994949.5	996.0
2994949.5	997.0
2994949.5	998.0
2994949.5	999.0
2994949.5	1000.0
2994949.5	1001.0
2994949.5	1002.0
2994949.5	1003.0
2994949.5	1004.0
2994949.5	1005.0
2994949.5	1006.0
2994949.5	1007.0
2994949.5	1008.0
2994949.5	1009.0
2994949.5	1010.0
2994949.5	1011.0
2994949.5	1012.0
2994949.5	1013.0
2994949.5	1014.0
2994949.5	1015.0
2994949.5	1016.0
2994949.5	1017.0
2994949.5	1018.0
2994949.5	1019.0
2994949.5	1020.0
2994949.5	1021.0
2994949.5	1022.0
2994949.5	1023.0
2994949.5	1024.0
2994949.5	1025.0
2994949.5	1026.0
2994949.5	1027.0
2994949.5	1028.0
2994949.5	1029.0
2994949.5	1030.0
2994949.5	1031.0
2994949.5	1032.0
2994949.5	1033.0
2994949.5	1034.0
2994949.5	1035.0
2994949.5	1036.0
2994949.5	1037.0
2994949.5	1038.0
2994949.5	1039.0
2994949.5	1040.0
2994949.5	1041.0
2994949.5	1042.0
2994949.5	1043.0
2994949.5	1044.0
2994949.5	1045.0
2994949.5	1046.0
2994949.5	1047.0
2994949.5	1048.0
2994949.5	1049.0
2994949.5	1050.0
2994949.5	1051.0
2994949.5	1052.0
2994949.5	1053.0
2994949.5	1054.0
2994949.5	1055.0
2994949.5	1056.0
2994949.5	1057.0
2994949.5	1058.0
2994949.5	1059.0
2994949.5	1060.0
2994949.5	1061.0
2994949.5	1062.0
2994949.5	1063.0
2994949.5	1064.0
2994949.5	1065.0
2994949.5	1066.0
2994949.5	1067.0
2994949.5	1068.0
2994949.5	1069.0
