error	run_time
794622.0	0.0
788669.0	0.0026998519897460938
776231.0	0.005687713623046875
769220.0	0.008681774139404297
758002.0	0.011622905731201172
753718.0	0.014354944229125977
745418.0	0.01751875877380371
737242.0	0.02112889289855957
726430.0	0.02557373046875
721045.0	0.02849292755126953
717623.0	0.0314788818359375
708030.0	0.03450894355773926
702734.0	0.03727269172668457
694470.0	0.040048837661743164
687049.0	0.043020009994506836
677448.0	0.04806089401245117
669085.0	0.050848960876464844
660351.0	0.05370783805847168
652427.0	0.05693984031677246
642589.0	0.05992484092712402
638211.0	0.06325602531433105
631557.0	0.0661778450012207
624797.0	0.06932973861694336
622232.0	0.07205867767333984
613528.0	0.0749366283416748
602728.0	0.07797884941101074
599804.0	0.08092284202575684
592150.0	0.08371472358703613
592150.0	0.0860438346862793
589195.0	0.08866095542907715
584940.0	0.09151887893676758
581048.0	0.0941460132598877
573924.0	0.09674286842346191
568989.0	0.09931683540344238
568469.0	0.10191488265991211
562674.0	0.10451579093933105
561526.0	0.10713481903076172
560441.0	0.10980582237243652
558309.0	0.11250090599060059
558013.0	0.1151590347290039
550791.0	0.1177668571472168
550791.0	0.12001299858093262
548298.0	0.12262177467346191
546697.0	0.1252598762512207
541932.0	0.12779688835144043
533249.0	0.1304028034210205
533006.0	0.1329967975616455
531204.0	0.13556671142578125
531204.0	0.13778376579284668
529290.0	0.14036083221435547
525856.0	0.14301776885986328
524023.0	0.14564085006713867
521502.0	0.14809274673461914
521502.0	0.15033388137817383
520705.0	0.15287399291992188
519592.0	0.15534162521362305
514509.0	0.15790891647338867
512363.0	0.1604609489440918
512129.0	0.16306185722351074
512129.0	0.16533279418945312
511665.0	0.16787075996398926
510443.0	0.17045879364013672
510443.0	0.17268681526184082
510443.0	0.1750469207763672
508372.0	0.17764973640441895
508372.0	0.17994189262390137
507950.0	0.18254899978637695
507950.0	0.18501496315002441
507950.0	0.18728089332580566
507663.0	0.18996381759643555
507663.0	0.1921977996826172
506578.0	0.19475078582763672
504305.0	0.1973099708557129
503943.0	0.19990777969360352
499524.0	0.20252275466918945
499524.0	0.20479083061218262
499524.0	0.2071077823638916
497861.0	0.20970392227172852
497760.0	0.21224379539489746
497760.0	0.21445870399475098
497760.0	0.21673870086669922
497760.0	0.2190079689025879
497142.0	0.22159266471862793
497142.0	0.22381901741027832
496905.0	0.2263936996459961
496905.0	0.22867298126220703
496536.0	0.23125195503234863
496536.0	0.2335679531097412
496536.0	0.2357618808746338
496239.0	0.2382509708404541
494613.0	0.24074888229370117
493523.0	0.24324774742126465
493523.0	0.2454519271850586
493523.0	0.24761080741882324
493523.0	0.24978876113891602
493523.0	0.2521090507507324
493523.0	0.25428080558776855
493523.0	0.25653886795043945
493523.0	0.25879693031311035
493523.0	0.26099300384521484
493523.0	0.2635829448699951
493523.0	0.26593995094299316
493523.0	0.26849365234375
493523.0	0.270885705947876
493523.0	0.27359676361083984
493523.0	0.2771739959716797
493523.0	0.279649019241333
493523.0	0.2820158004760742
493523.0	0.2843167781829834
493523.0	0.28662776947021484
493523.0	0.2892038822174072
493523.0	0.29163479804992676
493523.0	0.2942469120025635
493523.0	0.2965826988220215
493523.0	0.2990257740020752
493313.0	0.30167698860168457
493313.0	0.3039999008178711
493313.0	0.30634474754333496
493313.0	0.3086519241333008
492934.0	0.31145596504211426
492934.0	0.3139519691467285
492934.0	0.31629276275634766
492934.0	0.31859302520751953
492934.0	0.3208608627319336
492934.0	0.3231527805328369
492934.0	0.32544374465942383
492934.0	0.32768988609313965
492934.0	0.3300049304962158
492934.0	0.33231282234191895
492934.0	0.33448290824890137
492934.0	0.33673977851867676
492934.0	0.338972806930542
492934.0	0.34118175506591797
492934.0	0.3434019088745117
492934.0	0.34563565254211426
492934.0	0.34779787063598633
492934.0	0.34998297691345215
492934.0	0.35219669342041016
492934.0	0.35445189476013184
492934.0	0.35666370391845703
492549.0	0.35922670364379883
492549.0	0.3614656925201416
492549.0	0.36368680000305176
492549.0	0.36591386795043945
492549.0	0.3681919574737549
492549.0	0.3704047203063965
492549.0	0.37270283699035645
492549.0	0.3749377727508545
492423.0	0.377490758895874
492423.0	0.3797318935394287
492029.0	0.38237881660461426
492029.0	0.3847048282623291
492029.0	0.38687682151794434
492029.0	0.3891136646270752
492029.0	0.39125871658325195
492029.0	0.39342284202575684
492029.0	0.39560794830322266
492029.0	0.3977847099304199
492029.0	0.39995288848876953
492029.0	0.4021749496459961
492029.0	0.4043428897857666
492029.0	0.40660786628723145
492029.0	0.4088587760925293
491894.0	0.4114217758178711
491894.0	0.41368985176086426
491894.0	0.4159669876098633
491894.0	0.4181807041168213
491894.0	0.4204747676849365
491894.0	0.4226999282836914
491894.0	0.42492175102233887
491894.0	0.4271857738494873
491894.0	0.4294438362121582
491894.0	0.4316887855529785
491894.0	0.4339447021484375
491894.0	0.4361598491668701
491894.0	0.4383406639099121
491894.0	0.4404869079589844
491894.0	0.4428060054779053
491894.0	0.44495677947998047
491894.0	0.4471280574798584
491894.0	0.44930481910705566
491894.0	0.45155978202819824
491894.0	0.45368289947509766
491894.0	0.45586299896240234
491894.0	0.45806097984313965
491894.0	0.4602806568145752
491894.0	0.4624907970428467
491894.0	0.46474385261535645
491894.0	0.4669778347015381
491894.0	0.4692728519439697
491894.0	0.47150278091430664
491894.0	0.4737527370452881
491894.0	0.4763319492340088
491894.0	0.47916173934936523
491894.0	0.48154377937316895
491894.0	0.4838738441467285
491894.0	0.48616790771484375
491894.0	0.4884788990020752
491894.0	0.4907817840576172
491894.0	0.4930539131164551
491894.0	0.49533987045288086
491894.0	0.4976058006286621
491894.0	0.5002579689025879
491894.0	0.5026140213012695
491894.0	0.5053906440734863
491894.0	0.5089907646179199
491894.0	0.5120229721069336
491894.0	0.5146889686584473
491894.0	0.5170149803161621
491894.0	0.5194518566131592
491894.0	0.5223588943481445
491894.0	0.5247287750244141
491894.0	0.5270850658416748
491894.0	0.5295348167419434
491894.0	0.5321588516235352
491894.0	0.5345127582550049
491894.0	0.5368649959564209
491894.0	0.5391788482666016
491894.0	0.5414938926696777
491894.0	0.543773889541626
491894.0	0.5460526943206787
491894.0	0.5483226776123047
491894.0	0.5508480072021484
491894.0	0.5532028675079346
491894.0	0.5555648803710938
491894.0	0.5578708648681641
491894.0	0.5601687431335449
491894.0	0.5624687671661377
491894.0	0.5647497177124023
491894.0	0.5670359134674072
491894.0	0.5693538188934326
491894.0	0.5716967582702637
491894.0	0.5739598274230957
491894.0	0.5762898921966553
491894.0	0.5785729885101318
491894.0	0.5808577537536621
491894.0	0.5831668376922607
491894.0	0.5854446887969971
491894.0	0.5876626968383789
491894.0	0.5899357795715332
491894.0	0.5922038555145264
491894.0	0.594470739364624
491894.0	0.5966958999633789
491894.0	0.5989029407501221
491894.0	0.6011009216308594
491894.0	0.6033437252044678
491894.0	0.605656623840332
491894.0	0.6086208820343018
491894.0	0.6111178398132324
491894.0	0.6134347915649414
491894.0	0.6157128810882568
491894.0	0.6180708408355713
491894.0	0.6205248832702637
491894.0	0.6228518486022949
491894.0	0.6251797676086426
491894.0	0.6274847984313965
491894.0	0.6297879219055176
491894.0	0.6321578025817871
491894.0	0.6345579624176025
491894.0	0.6371047496795654
491894.0	0.6394088268280029
491894.0	0.6417098045349121
491894.0	0.6439909934997559
491894.0	0.6462666988372803
491894.0	0.6485488414764404
491894.0	0.6507678031921387
491894.0	0.6529819965362549
491894.0	0.6552069187164307
491894.0	0.6582558155059814
491894.0	0.660660982131958
491894.0	0.6629559993743896
491894.0	0.6653077602386475
491894.0	0.6676547527313232
491894.0	0.6699750423431396
491894.0	0.6723158359527588
491894.0	0.674644947052002
491894.0	0.6769719123840332
491894.0	0.6792566776275635
491894.0	0.6816239356994629
491894.0	0.6839418411254883
491894.0	0.6862268447875977
491894.0	0.6885018348693848
491894.0	0.690762996673584
491894.0	0.6930019855499268
491894.0	0.6952047348022461
491894.0	0.6975936889648438
491894.0	0.6998326778411865
491894.0	0.7020809650421143
491894.0	0.7042827606201172
491894.0	0.7069199085235596
491894.0	0.7096958160400391
491894.0	0.7120058536529541
491894.0	0.7143628597259521
491894.0	0.7166929244995117
491894.0	0.7189769744873047
491894.0	0.7213218212127686
491894.0	0.7236588001251221
491894.0	0.726006031036377
491894.0	0.7283487319946289
491894.0	0.7307448387145996
491894.0	0.7331509590148926
491894.0	0.7356128692626953
491894.0	0.7381176948547363
491894.0	0.7405118942260742
491894.0	0.742987871170044
491894.0	0.7463128566741943
491894.0	0.7486908435821533
491894.0	0.7510128021240234
491894.0	0.7535169124603271
491894.0	0.7566099166870117
491894.0	0.7590878009796143
491894.0	0.7616739273071289
491894.0	0.7640829086303711
491894.0	0.7664487361907959
491894.0	0.7688000202178955
491894.0	0.7722296714782715
491894.0	0.7748947143554688
491894.0	0.7775368690490723
491894.0	0.7799198627471924
491894.0	0.7823648452758789
491894.0	0.7847208976745605
491894.0	0.7870438098907471
491894.0	0.7893378734588623
491894.0	0.7917256355285645
491894.0	0.7941608428955078
491894.0	0.7965598106384277
491894.0	0.7988638877868652
491894.0	0.8011677265167236
491894.0	0.8034658432006836
491894.0	0.805750846862793
491894.0	0.808093786239624
491894.0	0.8103978633880615
491894.0	0.8127198219299316
491894.0	0.8151288032531738
491894.0	0.8175358772277832
491894.0	0.8199279308319092
491894.0	0.8222939968109131
491894.0	0.8246099948883057
491894.0	0.8268938064575195
491894.0	0.8291969299316406
491894.0	0.8315777778625488
491894.0	0.8338868618011475
491894.0	0.8361508846282959
491894.0	0.8384077548980713
491894.0	0.8406767845153809
491894.0	0.8429138660430908
491894.0	0.845221757888794
491894.0	0.8474469184875488
491894.0	0.8497278690338135
491894.0	0.851909875869751
491894.0	0.8540558815002441
491894.0	0.8564598560333252
491894.0	0.8592069149017334
491894.0	0.8617548942565918
491894.0	0.8646059036254883
491894.0	0.8671717643737793
491894.0	0.8699698448181152
491894.0	0.8726956844329834
491894.0	0.8749938011169434
491894.0	0.8772718906402588
491894.0	0.879539966583252
491894.0	0.8819136619567871
491894.0	0.8842077255249023
491894.0	0.886481761932373
491894.0	0.8887498378753662
491894.0	0.8910210132598877
491894.0	0.8932979106903076
491894.0	0.8955848217010498
491894.0	0.8978617191314697
491894.0	0.9001588821411133
491894.0	0.902397871017456
491894.0	0.904578685760498
491894.0	0.9071307182312012
491894.0	0.909916877746582
491894.0	0.9127497673034668
491894.0	0.915071964263916
491894.0	0.9173717498779297
491894.0	0.9196579456329346
491894.0	0.9219799041748047
491894.0	0.9242758750915527
491894.0	0.9265768527984619
491894.0	0.9288787841796875
491894.0	0.9312129020690918
491894.0	0.9335238933563232
491894.0	0.9358210563659668
491894.0	0.9380857944488525
491894.0	0.9404458999633789
491894.0	0.9429428577423096
491894.0	0.9454967975616455
491894.0	0.9478678703308105
491894.0	0.9504449367523193
491894.0	0.9529778957366943
491894.0	0.9553468227386475
491894.0	0.9582498073577881
491894.0	0.9606857299804688
491894.0	0.9631588459014893
491894.0	0.9657809734344482
491894.0	0.9682338237762451
491894.0	0.9705977439880371
491894.0	0.973017692565918
491894.0	0.9754548072814941
491894.0	0.9779336452484131
491894.0	0.9811289310455322
491894.0	0.9836459159851074
491894.0	0.9862618446350098
491894.0	0.9901618957519531
491894.0	0.9929008483886719
491894.0	0.9953768253326416
491894.0	0.9978218078613281
491894.0	1.0000996589660645
491894.0	1.0024268627166748
491894.0	1.0052058696746826
491894.0	1.0075819492340088
491894.0	1.0102248191833496
491894.0	1.012800931930542
491894.0	1.0151758193969727
491894.0	1.0175259113311768
491894.0	1.0199828147888184
491894.0	1.0223889350891113
491894.0	1.0247218608856201
491894.0	1.0270628929138184
491894.0	1.029587984085083
491894.0	1.0322527885437012
491894.0	1.0346639156341553
491894.0	1.0370149612426758
491894.0	1.0393610000610352
491894.0	1.0416769981384277
491894.0	1.043982744216919
491894.0	1.0465068817138672
491894.0	1.0490596294403076
491894.0	1.052008867263794
491894.0	1.0545668601989746
491894.0	1.0569658279418945
491894.0	1.059319019317627
491894.0	1.0618019104003906
491894.0	1.0642297267913818
491894.0	1.0672659873962402
491894.0	1.070300817489624
491894.0	1.0731289386749268
491894.0	1.076610803604126
491894.0	1.0795087814331055
491894.0	1.0829517841339111
491894.0	1.085817813873291
491894.0	1.0882728099822998
491894.0	1.0905919075012207
491894.0	1.0928466320037842
491894.0	1.0951077938079834
491894.0	1.0974128246307373
491894.0	1.0996677875518799
491894.0	1.1019208431243896
491894.0	1.1042068004608154
491894.0	1.1067218780517578
491894.0	1.1096158027648926
491894.0	1.1124308109283447
491894.0	1.11543869972229
491894.0	1.1180427074432373
491894.0	1.1209378242492676
491894.0	1.124237060546875
491894.0	1.127363681793213
491894.0	1.1310248374938965
491894.0	1.1334748268127441
491894.0	1.1358487606048584
491894.0	1.1381688117980957
491894.0	1.1404600143432617
491894.0	1.1427299976348877
491894.0	1.1452128887176514
491894.0	1.1476106643676758
491894.0	1.1500818729400635
491894.0	1.152573823928833
491894.0	1.1551427841186523
491894.0	1.1579010486602783
491894.0	1.160550832748413
491894.0	1.1629047393798828
491894.0	1.1652379035949707
491894.0	1.1675279140472412
491894.0	1.1698758602142334
491894.0	1.172170877456665
491894.0	1.1744658946990967
491894.0	1.1768677234649658
491894.0	1.1791348457336426
491894.0	1.1813948154449463
491894.0	1.183661699295044
491894.0	1.185929775238037
491894.0	1.188194751739502
491894.0	1.1904468536376953
491894.0	1.1927058696746826
491894.0	1.1949727535247803
491894.0	1.1972367763519287
491894.0	1.1995148658752441
491894.0	1.2017877101898193
491894.0	1.2040529251098633
491894.0	1.2064776420593262
491894.0	1.2088048458099365
491894.0	1.2111647129058838
491894.0	1.213517665863037
491894.0	1.2158567905426025
491894.0	1.218207836151123
491894.0	1.2205278873443604
491894.0	1.2231388092041016
491894.0	1.2255339622497559
491894.0	1.2279407978057861
491894.0	1.230496883392334
491894.0	1.233635663986206
491894.0	1.2360320091247559
491894.0	1.2399888038635254
491894.0	1.2428507804870605
491894.0	1.2452468872070312
491894.0	1.2477529048919678
491894.0	1.2500548362731934
491894.0	1.2524769306182861
491894.0	1.2550618648529053
491894.0	1.2589428424835205
491894.0	1.2643938064575195
491894.0	1.2689509391784668
491894.0	1.2721147537231445
491894.0	1.2754817008972168
491894.0	1.2780489921569824
491894.0	1.2804837226867676
491894.0	1.2829668521881104
491894.0	1.2856528759002686
491894.0	1.2879717350006104
491894.0	1.2904267311096191
491894.0	1.292860746383667
491894.0	1.2955877780914307
491894.0	1.2979676723480225
491894.0	1.3004727363586426
491894.0	1.3028368949890137
491894.0	1.30582594871521
491894.0	1.3083558082580566
491894.0	1.3107929229736328
491894.0	1.3132317066192627
491894.0	1.3158807754516602
491894.0	1.3183338642120361
491894.0	1.3207569122314453
491894.0	1.323436975479126
491894.0	1.3271667957305908
491894.0	1.3302648067474365
491894.0	1.3332037925720215
491894.0	1.3355729579925537
491894.0	1.337876796722412
491894.0	1.34018874168396
491894.0	1.3424477577209473
491894.0	1.3447458744049072
491894.0	1.3470237255096436
491894.0	1.349233865737915
491894.0	1.3515009880065918
491894.0	1.353733777999878
491894.0	1.3561248779296875
491894.0	1.3590788841247559
491894.0	1.3618288040161133
491894.0	1.3642199039459229
491894.0	1.3665399551391602
491894.0	1.3688929080963135
491894.0	1.3712220191955566
491894.0	1.3735778331756592
491894.0	1.3759379386901855
491894.0	1.3782598972320557
491894.0	1.3806099891662598
491894.0	1.382962942123413
491894.0	1.385284662246704
491894.0	1.3875668048858643
491894.0	1.3898768424987793
491894.0	1.3921778202056885
491894.0	1.394474983215332
491894.0	1.396751880645752
491894.0	1.3990199565887451
491894.0	1.4013948440551758
491894.0	1.4036617279052734
491894.0	1.4060428142547607
491894.0	1.4088876247406006
491894.0	1.411618709564209
491894.0	1.4142677783966064
491894.0	1.4166955947875977
491894.0	1.4190666675567627
491894.0	1.4213528633117676
491894.0	1.4236836433410645
491894.0	1.4260218143463135
491894.0	1.4284076690673828
491894.0	1.4307968616485596
491894.0	1.4331958293914795
491894.0	1.4356708526611328
491894.0	1.438040018081665
491894.0	1.440410852432251
491894.0	1.4427168369293213
491894.0	1.4450297355651855
491894.0	1.447350025177002
491894.0	1.4496338367462158
491894.0	1.451934814453125
491894.0	1.4542698860168457
491894.0	1.456578016281128
491894.0	1.4588887691497803
491894.0	1.4612007141113281
491894.0	1.4634778499603271
491894.0	1.4658067226409912
491894.0	1.4681158065795898
491894.0	1.4704346656799316
491894.0	1.4727349281311035
491894.0	1.47505784034729
491894.0	1.4773478507995605
491894.0	1.479658842086792
491894.0	1.4819557666778564
491894.0	1.4842679500579834
491894.0	1.4866917133331299
491894.0	1.4890596866607666
491894.0	1.4927287101745605
491894.0	1.4953126907348633
491894.0	1.4976556301116943
491894.0	1.4999909400939941
491894.0	1.5025389194488525
491894.0	1.5053329467773438
491894.0	1.5079708099365234
491894.0	1.5103108882904053
491894.0	1.5126619338989258
491894.0	1.5149588584899902
491894.0	1.517561674118042
491894.0	1.520080804824829
491894.0	1.522730827331543
491894.0	1.5251309871673584
491894.0	1.5274529457092285
491894.0	1.5297398567199707
491894.0	1.5320308208465576
491894.0	1.5343208312988281
491894.0	1.5366966724395752
491894.0	1.5391578674316406
491894.0	1.5415937900543213
491894.0	1.5438237190246582
491894.0	1.5462357997894287
491894.0	1.5485198497772217
491894.0	1.5507798194885254
491894.0	1.5531599521636963
491894.0	1.5553977489471436
491894.0	1.5579509735107422
491894.0	1.5604338645935059
491894.0	1.5628516674041748
491894.0	1.5653958320617676
491894.0	1.5678608417510986
491894.0	1.5706238746643066
491894.0	1.5734739303588867
491894.0	1.575880765914917
491894.0	1.5782217979431152
491894.0	1.5806427001953125
491894.0	1.5833189487457275
491894.0	1.5857207775115967
491894.0	1.5881068706512451
491894.0	1.5906918048858643
491894.0	1.5931377410888672
491894.0	1.5955379009246826
491894.0	1.5979347229003906
491894.0	1.6003446578979492
491894.0	1.6027188301086426
491894.0	1.605085849761963
491894.0	1.6074779033660889
491894.0	1.6098458766937256
491894.0	1.6121928691864014
491894.0	1.6145830154418945
491894.0	1.616945743560791
491894.0	1.6193699836730957
491894.0	1.621924877166748
491894.0	1.6243419647216797
491894.0	1.626725673675537
491894.0	1.6291248798370361
491894.0	1.6320419311523438
491894.0	1.6346218585968018
491894.0	1.6374080181121826
491894.0	1.6404197216033936
491894.0	1.643493890762329
491894.0	1.646540880203247
491894.0	1.649803876876831
491894.0	1.6523089408874512
491894.0	1.6558289527893066
491894.0	1.6582629680633545
491894.0	1.6606147289276123
491894.0	1.66318678855896
491894.0	1.6656439304351807
491894.0	1.6680738925933838
491894.0	1.6710047721862793
491894.0	1.6738297939300537
491894.0	1.6761579513549805
491894.0	1.678675889968872
491894.0	1.681149959564209
491894.0	1.6834869384765625
491894.0	1.6860477924346924
491894.0	1.6887879371643066
491894.0	1.6912529468536377
491894.0	1.6936099529266357
491894.0	1.6962478160858154
491894.0	1.698591947555542
491894.0	1.7009427547454834
491894.0	1.7036998271942139
491894.0	1.706103801727295
491894.0	1.7084710597991943
491894.0	1.7112147808074951
491894.0	1.7135767936706543
491894.0	1.7158949375152588
491894.0	1.7183537483215332
491894.0	1.7212936878204346
491894.0	1.723902940750122
491894.0	1.726341724395752
491894.0	1.7288668155670166
491894.0	1.731496810913086
491894.0	1.7338249683380127
491894.0	1.7367818355560303
491894.0	1.7392427921295166
491894.0	1.741628885269165
491894.0	1.7447197437286377
491894.0	1.7471909523010254
491894.0	1.749734878540039
491894.0	1.7525808811187744
491894.0	1.755275011062622
491894.0	1.75830078125
491894.0	1.7625746726989746
491894.0	1.765312910079956
491894.0	1.7679078578948975
491894.0	1.7703778743743896
491894.0	1.7732508182525635
491894.0	1.7759296894073486
491894.0	1.7783668041229248
491894.0	1.7809317111968994
491894.0	1.7835776805877686
491894.0	1.7859456539154053
491894.0	1.7884407043457031
491894.0	1.7920949459075928
491894.0	1.7944209575653076
491894.0	1.796888828277588
491894.0	1.7993097305297852
491894.0	1.80171799659729
491894.0	1.8043136596679688
491894.0	1.8068718910217285
491894.0	1.8095638751983643
491894.0	1.812152624130249
491894.0	1.8147656917572021
491894.0	1.8172528743743896
491894.0	1.8197908401489258
491894.0	1.8222668170928955
491894.0	1.8248686790466309
491894.0	1.8272738456726074
491894.0	1.8296527862548828
491894.0	1.832211971282959
491894.0	1.8346078395843506
491894.0	1.8370087146759033
491894.0	1.839411973953247
491894.0	1.841756820678711
491894.0	1.8440628051757812
491894.0	1.8464229106903076
491894.0	1.8488759994506836
491894.0	1.8512258529663086
491894.0	1.8536038398742676
491894.0	1.8560218811035156
491894.0	1.8583788871765137
491894.0	1.8607349395751953
491894.0	1.8631160259246826
491894.0	1.865440845489502
491894.0	1.867729902267456
491894.0	1.8700857162475586
491894.0	1.8725407123565674
491894.0	1.8748867511749268
491894.0	1.8772258758544922
491894.0	1.8795697689056396
491894.0	1.8819048404693604
491894.0	1.8842277526855469
491894.0	1.8865058422088623
491894.0	1.8887767791748047
491894.0	1.8910818099975586
491894.0	1.8933627605438232
491894.0	1.8957979679107666
491894.0	1.8981428146362305
491894.0	1.900458812713623
491894.0	1.9028170108795166
491894.0	1.905127763748169
491894.0	1.9074437618255615
491894.0	1.9097857475280762
491894.0	1.9121017456054688
491894.0	1.9144287109375
491894.0	1.916773796081543
491894.0	1.91910982131958
491894.0	1.9214468002319336
491894.0	1.9238007068634033
491894.0	1.9261298179626465
491894.0	1.928445816040039
491894.0	1.9307818412780762
491894.0	1.9331319332122803
491894.0	1.935565710067749
491894.0	1.9378938674926758
491894.0	1.9402177333831787
491894.0	1.942579984664917
491894.0	1.94502592086792
491894.0	1.947307825088501
491894.0	1.949570655822754
491894.0	1.9519526958465576
491894.0	1.9542620182037354
491894.0	1.956568717956543
491894.0	1.9589428901672363
491894.0	1.9614717960357666
491894.0	1.9638988971710205
491894.0	1.9663269519805908
491894.0	1.9687328338623047
491894.0	1.9710748195648193
491894.0	1.9734458923339844
491894.0	1.9758007526397705
491894.0	1.9781029224395752
491894.0	1.9803860187530518
491894.0	1.982886791229248
491894.0	1.985536813735962
491894.0	1.9878849983215332
491894.0	1.9908528327941895
491894.0	1.993593692779541
491894.0	1.9958999156951904
491894.0	1.9981658458709717
491894.0	2.000626802444458
491894.0	2.0029518604278564
491894.0	2.005488872528076
491894.0	2.0080959796905518
491894.0	2.0106749534606934
491894.0	2.0130386352539062
491894.0	2.0156726837158203
491894.0	2.018141746520996
491894.0	2.0208539962768555
491894.0	2.0238897800445557
491894.0	2.026824951171875
491894.0	2.0294268131256104
491894.0	2.0321788787841797
491894.0	2.034709930419922
491894.0	2.0370757579803467
491894.0	2.0395328998565674
491894.0	2.041851758956909
491894.0	2.0441536903381348
491894.0	2.0464818477630615
491894.0	2.049010753631592
491894.0	2.0513436794281006
491894.0	2.0536980628967285
491894.0	2.056367874145508
491894.0	2.058748722076416
491894.0	2.061093807220459
491894.0	2.0636179447174072
491894.0	2.0660159587860107
491894.0	2.068368911743164
491894.0	2.0710318088531494
491894.0	2.073521852493286
491894.0	2.075847864151001
491894.0	2.0781588554382324
491894.0	2.0809216499328613
491894.0	2.0832817554473877
491894.0	2.0856118202209473
491894.0	2.088153839111328
491894.0	2.0904717445373535
491894.0	2.092773675918579
491894.0	2.095080852508545
491894.0	2.097554922103882
491894.0	2.099839925765991
491894.0	2.102189779281616
491894.0	2.1048169136047363
491894.0	2.1071438789367676
491894.0	2.1094436645507812
491894.0	2.11193585395813
491894.0	2.114713668823242
491894.0	2.1175076961517334
491894.0	2.120346784591675
491894.0	2.1227498054504395
491894.0	2.125095844268799
491894.0	2.127639055252075
491894.0	2.1301229000091553
491894.0	2.132455825805664
491894.0	2.134760856628418
491894.0	2.1374809741973877
491894.0	2.1398327350616455
491894.0	2.14213490486145
491894.0	2.1446216106414795
491894.0	2.1469507217407227
491894.0	2.1493256092071533
491894.0	2.1518778800964355
491894.0	2.154636859893799
491894.0	2.1569128036499023
491894.0	2.1592047214508057
491894.0	2.161834955215454
491894.0	2.164151668548584
491894.0	2.1665048599243164
491894.0	2.169245958328247
491894.0	2.1715667247772217
491894.0	2.1738617420196533
491894.0	2.176342010498047
491894.0	2.1786928176879883
491894.0	2.1810009479522705
491894.0	2.1833808422088623
491894.0	2.185832977294922
491894.0	2.1881368160247803
491894.0	2.1904287338256836
491894.0	2.1929149627685547
491894.0	2.1952109336853027
491894.0	2.197492837905884
491894.0	2.1999428272247314
491894.0	2.2022738456726074
491894.0	2.204592704772949
491894.0	2.2068898677825928
491894.0	2.209540843963623
491894.0	2.2118988037109375
491894.0	2.214235782623291
491894.0	2.2166309356689453
491894.0	2.2191338539123535
491894.0	2.2215559482574463
491894.0	2.224001884460449
491894.0	2.2264068126678467
491894.0	2.2287909984588623
491894.0	2.231243848800659
491894.0	2.2336528301239014
491894.0	2.2359507083892822
491894.0	2.2383170127868652
491894.0	2.2411749362945557
491894.0	2.243898868560791
491894.0	2.2462377548217773
491894.0	2.2488667964935303
491894.0	2.251192808151245
491894.0	2.253664970397949
491894.0	2.256495714187622
491894.0	2.2588589191436768
491894.0	2.2613818645477295
491894.0	2.2641489505767822
491894.0	2.2669548988342285
491894.0	2.2695066928863525
491894.0	2.2724616527557373
491894.0	2.275127649307251
491894.0	2.277397871017456
491894.0	2.2796578407287598
491894.0	2.282132863998413
491894.0	2.2845637798309326
491894.0	2.287036895751953
491894.0	2.2894747257232666
491894.0	2.291801691055298
491894.0	2.2941088676452637
491894.0	2.296529769897461
491894.0	2.298945903778076
491894.0	2.3012657165527344
491894.0	2.3037047386169434
491894.0	2.306053876876831
491894.0	2.3083887100219727
491894.0	2.3107047080993652
491894.0	2.313025951385498
491894.0	2.3153557777404785
491894.0	2.3176560401916504
491894.0	2.3200550079345703
491894.0	2.322382688522339
491894.0	2.324657917022705
491894.0	2.326915740966797
491894.0	2.3292768001556396
491894.0	2.331599712371826
491894.0	2.3339219093322754
491894.0	2.3362979888916016
491894.0	2.3385887145996094
491894.0	2.3408429622650146
491894.0	2.343270778656006
491894.0	2.3454959392547607
491894.0	2.3477067947387695
491894.0	2.349951982498169
491894.0	2.352267026901245
491894.0	2.354517936706543
491894.0	2.3567678928375244
491894.0	2.3590078353881836
491894.0	2.3612358570098877
491894.0	2.3634798526763916
491894.0	2.365712881088257
491894.0	2.3679358959198
491894.0	2.3701999187469482
491894.0	2.3724186420440674
491894.0	2.374631881713867
491894.0	2.376858711242676
491894.0	2.379117012023926
491894.0	2.3813488483428955
491894.0	2.3835408687591553
491894.0	2.3857369422912598
491894.0	2.387903928756714
491894.0	2.390069007873535
491894.0	2.392213821411133
491894.0	2.3943569660186768
491894.0	2.396512985229492
491894.0	2.398838996887207
491894.0	2.4010376930236816
491894.0	2.4031946659088135
491894.0	2.4053328037261963
491894.0	2.4075849056243896
491894.0	2.409796714782715
491894.0	2.412036657333374
491894.0	2.414238929748535
491894.0	2.416471004486084
491894.0	2.4186758995056152
491894.0	2.4208738803863525
491894.0	2.4230878353118896
491894.0	2.4252898693084717
491894.0	2.4274790287017822
491894.0	2.429691791534424
491894.0	2.431891918182373
491894.0	2.4341349601745605
491894.0	2.436293840408325
491894.0	2.4384377002716064
491894.0	2.4406468868255615
491894.0	2.4428608417510986
491894.0	2.445004940032959
491894.0	2.4471359252929688
491894.0	2.449291944503784
491894.0	2.4514527320861816
491894.0	2.453603744506836
491894.0	2.4558348655700684
491894.0	2.4580347537994385
491894.0	2.4602878093719482
491894.0	2.4627788066864014
491894.0	2.4652369022369385
491894.0	2.467756986618042
491894.0	2.471752882003784
491894.0	2.4745190143585205
491894.0	2.476911783218384
491894.0	2.479261875152588
491894.0	2.4816980361938477
491894.0	2.484339952468872
491894.0	2.486769914627075
491894.0	2.4896178245544434
491894.0	2.4919769763946533
491894.0	2.4943349361419678
491894.0	2.4966678619384766
491894.0	2.4990148544311523
491894.0	2.501588821411133
491894.0	2.504086971282959
491894.0	2.5064749717712402
491894.0	2.508861780166626
491894.0	2.511223793029785
491894.0	2.5135385990142822
491894.0	2.5158817768096924
491894.0	2.5182740688323975
491894.0	2.5206069946289062
491894.0	2.5229527950286865
491894.0	2.5252628326416016
491894.0	2.527545690536499
491894.0	2.5298659801483154
491894.0	2.5321357250213623
491894.0	2.534437894821167
491894.0	2.536728620529175
491894.0	2.538961887359619
491894.0	2.541221857070923
491894.0	2.543710947036743
491894.0	2.5459887981414795
491894.0	2.548281669616699
491894.0	2.5505547523498535
491894.0	2.552983045578003
491894.0	2.5552377700805664
491894.0	2.5575919151306152
491894.0	2.5598530769348145
491894.0	2.5621249675750732
491894.0	2.5644307136535645
491894.0	2.5667057037353516
491894.0	2.568976879119873
491894.0	2.571382999420166
491894.0	2.5736887454986572
491894.0	2.5759427547454834
491894.0	2.578213691711426
491894.0	2.580514669418335
491894.0	2.5827598571777344
491894.0	2.585075855255127
491894.0	2.587312698364258
491894.0	2.5895307064056396
491894.0	2.5917868614196777
491894.0	2.5940358638763428
491894.0	2.5962486267089844
491894.0	2.598461866378784
491894.0	2.600829839706421
491894.0	2.6030189990997314
491894.0	2.6052327156066895
491894.0	2.6075377464294434
491894.0	2.609841823577881
491894.0	2.6121199131011963
491894.0	2.6144068241119385
491894.0	2.6166646480560303
491894.0	2.61895489692688
491894.0	2.6212828159332275
491894.0	2.623680830001831
491894.0	2.6259748935699463
491894.0	2.6282129287719727
491894.0	2.6305179595947266
491894.0	2.6328299045562744
491894.0	2.635185718536377
491894.0	2.638002872467041
491894.0	2.6406188011169434
491894.0	2.6428518295288086
491894.0	2.645120859146118
491894.0	2.6475939750671387
491894.0	2.6498706340789795
491894.0	2.652130603790283
491894.0	2.6544036865234375
491894.0	2.6567018032073975
491894.0	2.6589629650115967
491894.0	2.661249876022339
