error	steps
44984.0	0.0
41860.0	1.0
41419.0	2.0
40849.0	3.0
39681.0	4.0
38905.0	5.0
38636.0	6.0
37175.0	7.0
36216.0	8.0
36100.0	9.0
36066.0	10.0
35537.0	11.0
34984.0	12.0
33699.0	13.0
33074.0	14.0
31840.0	15.0
31139.0	16.0
30889.0	17.0
30382.0	18.0
30382.0	19.0
30317.0	20.0
30317.0	21.0
29901.0	22.0
29888.0	23.0
29668.0	24.0
29563.0	25.0
29390.0	26.0
29242.0	27.0
29242.0	28.0
29018.0	29.0
27996.0	30.0
27823.0	31.0
27823.0	32.0
27582.0	33.0
27226.0	34.0
26878.0	35.0
26878.0	36.0
26878.0	37.0
26666.0	38.0
26629.0	39.0
26629.0	40.0
26629.0	41.0
26463.0	42.0
26261.0	43.0
26195.0	44.0
26195.0	45.0
26195.0	46.0
25817.0	47.0
25817.0	48.0
25625.0	49.0
25625.0	50.0
25617.0	51.0
25617.0	52.0
25617.0	53.0
25617.0	54.0
25617.0	55.0
25617.0	56.0
25617.0	57.0
25617.0	58.0
25288.0	59.0
25288.0	60.0
25288.0	61.0
25288.0	62.0
25288.0	63.0
25288.0	64.0
25288.0	65.0
25288.0	66.0
25288.0	67.0
25288.0	68.0
25288.0	69.0
25288.0	70.0
25288.0	71.0
25288.0	72.0
25288.0	73.0
25288.0	74.0
25288.0	75.0
25288.0	76.0
25288.0	77.0
25288.0	78.0
25288.0	79.0
25288.0	80.0
25288.0	81.0
25288.0	82.0
25288.0	83.0
25288.0	84.0
25288.0	85.0
25288.0	86.0
25288.0	87.0
25288.0	88.0
25288.0	89.0
25288.0	90.0
25288.0	91.0
25288.0	92.0
25288.0	93.0
25288.0	94.0
25288.0	95.0
25288.0	96.0
25288.0	97.0
25288.0	98.0
25288.0	99.0
25288.0	100.0
25288.0	101.0
25288.0	102.0
25288.0	103.0
25288.0	104.0
25288.0	105.0
25288.0	106.0
25288.0	107.0
25288.0	108.0
25288.0	109.0
25288.0	110.0
25288.0	111.0
25288.0	112.0
25288.0	113.0
25288.0	114.0
25288.0	115.0
25288.0	116.0
25288.0	117.0
25288.0	118.0
25288.0	119.0
25288.0	120.0
25288.0	121.0
25288.0	122.0
25288.0	123.0
25288.0	124.0
25288.0	125.0
25288.0	126.0
25288.0	127.0
25288.0	128.0
25288.0	129.0
25288.0	130.0
25288.0	131.0
25288.0	132.0
25288.0	133.0
25288.0	134.0
25288.0	135.0
25288.0	136.0
25288.0	137.0
25288.0	138.0
25288.0	139.0
25288.0	140.0
25288.0	141.0
25288.0	142.0
25288.0	143.0
25288.0	144.0
25288.0	145.0
25288.0	146.0
25288.0	147.0
25288.0	148.0
25288.0	149.0
25288.0	150.0
25288.0	151.0
25288.0	152.0
25288.0	153.0
25288.0	154.0
25288.0	155.0
25288.0	156.0
25288.0	157.0
25288.0	158.0
25288.0	159.0
25288.0	160.0
25288.0	161.0
25288.0	162.0
25288.0	163.0
25288.0	164.0
25288.0	165.0
25288.0	166.0
25288.0	167.0
25288.0	168.0
25288.0	169.0
25288.0	170.0
25288.0	171.0
25288.0	172.0
25288.0	173.0
25288.0	174.0
25288.0	175.0
25288.0	176.0
25288.0	177.0
25288.0	178.0
25288.0	179.0
25288.0	180.0
25288.0	181.0
25288.0	182.0
25288.0	183.0
25288.0	184.0
25288.0	185.0
25288.0	186.0
25288.0	187.0
25288.0	188.0
25288.0	189.0
25288.0	190.0
25288.0	191.0
25288.0	192.0
25288.0	193.0
25288.0	194.0
25288.0	195.0
25288.0	196.0
25288.0	197.0
25288.0	198.0
25288.0	199.0
25288.0	200.0
25288.0	201.0
25288.0	202.0
25288.0	203.0
25288.0	204.0
25288.0	205.0
25288.0	206.0
25288.0	207.0
25288.0	208.0
25288.0	209.0
25288.0	210.0
25288.0	211.0
25288.0	212.0
25288.0	213.0
25288.0	214.0
25288.0	215.0
25288.0	216.0
25288.0	217.0
25288.0	218.0
25288.0	219.0
25288.0	220.0
25288.0	221.0
25288.0	222.0
25288.0	223.0
25288.0	224.0
25288.0	225.0
25288.0	226.0
25288.0	227.0
25288.0	228.0
25288.0	229.0
25288.0	230.0
25288.0	231.0
25288.0	232.0
25288.0	233.0
25288.0	234.0
25288.0	235.0
25288.0	236.0
25288.0	237.0
25288.0	238.0
25288.0	239.0
25288.0	240.0
25288.0	241.0
25288.0	242.0
25288.0	243.0
25288.0	244.0
25288.0	245.0
25288.0	246.0
25288.0	247.0
25288.0	248.0
25288.0	249.0
25288.0	250.0
25288.0	251.0
25288.0	252.0
25288.0	253.0
25288.0	254.0
25288.0	255.0
25288.0	256.0
25288.0	257.0
25288.0	258.0
25288.0	259.0
25288.0	260.0
25288.0	261.0
25288.0	262.0
25288.0	263.0
25288.0	264.0
25288.0	265.0
25288.0	266.0
25288.0	267.0
25288.0	268.0
25288.0	269.0
25288.0	270.0
25288.0	271.0
25288.0	272.0
25288.0	273.0
25288.0	274.0
25288.0	275.0
25288.0	276.0
25288.0	277.0
25288.0	278.0
25288.0	279.0
25288.0	280.0
25288.0	281.0
25288.0	282.0
25288.0	283.0
25288.0	284.0
25288.0	285.0
25288.0	286.0
25288.0	287.0
25288.0	288.0
25288.0	289.0
25288.0	290.0
25288.0	291.0
25288.0	292.0
25288.0	293.0
25288.0	294.0
25288.0	295.0
25288.0	296.0
25288.0	297.0
25288.0	298.0
25288.0	299.0
25288.0	300.0
25288.0	301.0
25288.0	302.0
25288.0	303.0
25288.0	304.0
25288.0	305.0
25288.0	306.0
25288.0	307.0
25288.0	308.0
25288.0	309.0
25288.0	310.0
25288.0	311.0
25288.0	312.0
25288.0	313.0
25288.0	314.0
25288.0	315.0
25288.0	316.0
25288.0	317.0
25288.0	318.0
25288.0	319.0
25288.0	320.0
25288.0	321.0
25288.0	322.0
25288.0	323.0
25288.0	324.0
25288.0	325.0
25288.0	326.0
25288.0	327.0
25288.0	328.0
25288.0	329.0
25288.0	330.0
25288.0	331.0
25288.0	332.0
25288.0	333.0
25288.0	334.0
25288.0	335.0
25288.0	336.0
25288.0	337.0
25288.0	338.0
25288.0	339.0
25288.0	340.0
25288.0	341.0
25288.0	342.0
25288.0	343.0
25288.0	344.0
25288.0	345.0
25288.0	346.0
25288.0	347.0
25288.0	348.0
25288.0	349.0
25288.0	350.0
25288.0	351.0
25288.0	352.0
25288.0	353.0
25288.0	354.0
25288.0	355.0
25288.0	356.0
25288.0	357.0
25288.0	358.0
25288.0	359.0
25288.0	360.0
25288.0	361.0
25288.0	362.0
25288.0	363.0
25288.0	364.0
25288.0	365.0
25288.0	366.0
25288.0	367.0
25288.0	368.0
25288.0	369.0
25288.0	370.0
25288.0	371.0
25288.0	372.0
25288.0	373.0
25288.0	374.0
25288.0	375.0
25288.0	376.0
25288.0	377.0
25288.0	378.0
25288.0	379.0
25288.0	380.0
25288.0	381.0
25288.0	382.0
25288.0	383.0
25288.0	384.0
25288.0	385.0
25288.0	386.0
25288.0	387.0
25288.0	388.0
25288.0	389.0
25288.0	390.0
25288.0	391.0
25288.0	392.0
25288.0	393.0
25288.0	394.0
25288.0	395.0
25288.0	396.0
25288.0	397.0
25288.0	398.0
25288.0	399.0
25288.0	400.0
25288.0	401.0
25288.0	402.0
25288.0	403.0
25288.0	404.0
25288.0	405.0
25288.0	406.0
25288.0	407.0
25288.0	408.0
25288.0	409.0
25288.0	410.0
25288.0	411.0
25288.0	412.0
25288.0	413.0
25288.0	414.0
25288.0	415.0
25288.0	416.0
25288.0	417.0
25288.0	418.0
25288.0	419.0
25288.0	420.0
25288.0	421.0
25288.0	422.0
25288.0	423.0
25288.0	424.0
25288.0	425.0
25288.0	426.0
25288.0	427.0
25288.0	428.0
25288.0	429.0
25288.0	430.0
25288.0	431.0
25288.0	432.0
25288.0	433.0
25288.0	434.0
25288.0	435.0
25288.0	436.0
25288.0	437.0
25288.0	438.0
25288.0	439.0
25288.0	440.0
25288.0	441.0
25288.0	442.0
25288.0	443.0
25288.0	444.0
25288.0	445.0
25288.0	446.0
25288.0	447.0
25288.0	448.0
25288.0	449.0
25288.0	450.0
25288.0	451.0
25288.0	452.0
25288.0	453.0
25288.0	454.0
25288.0	455.0
25288.0	456.0
25288.0	457.0
25288.0	458.0
25288.0	459.0
25288.0	460.0
25288.0	461.0
25288.0	462.0
25288.0	463.0
25288.0	464.0
25288.0	465.0
25288.0	466.0
25288.0	467.0
25288.0	468.0
25288.0	469.0
25288.0	470.0
25288.0	471.0
25288.0	472.0
25288.0	473.0
25288.0	474.0
25288.0	475.0
25288.0	476.0
25288.0	477.0
25288.0	478.0
25288.0	479.0
25288.0	480.0
25288.0	481.0
25288.0	482.0
25288.0	483.0
25288.0	484.0
25288.0	485.0
25288.0	486.0
25288.0	487.0
25288.0	488.0
25288.0	489.0
25288.0	490.0
25288.0	491.0
25288.0	492.0
25288.0	493.0
25288.0	494.0
25288.0	495.0
25288.0	496.0
25288.0	497.0
25288.0	498.0
25288.0	499.0
25288.0	500.0
25288.0	501.0
25288.0	502.0
25288.0	503.0
25288.0	504.0
25288.0	505.0
25288.0	506.0
25288.0	507.0
25288.0	508.0
25288.0	509.0
25288.0	510.0
25288.0	511.0
25288.0	512.0
25288.0	513.0
25288.0	514.0
25288.0	515.0
25288.0	516.0
25288.0	517.0
25288.0	518.0
25288.0	519.0
25288.0	520.0
25288.0	521.0
25288.0	522.0
25288.0	523.0
25288.0	524.0
25288.0	525.0
25288.0	526.0
25288.0	527.0
25288.0	528.0
25288.0	529.0
25288.0	530.0
25288.0	531.0
25288.0	532.0
25288.0	533.0
25288.0	534.0
25288.0	535.0
25288.0	536.0
25288.0	537.0
25288.0	538.0
25288.0	539.0
25288.0	540.0
25288.0	541.0
25288.0	542.0
25288.0	543.0
25288.0	544.0
25288.0	545.0
25288.0	546.0
25288.0	547.0
25288.0	548.0
25288.0	549.0
25288.0	550.0
25288.0	551.0
25288.0	552.0
25288.0	553.0
25288.0	554.0
25288.0	555.0
25288.0	556.0
25288.0	557.0
25288.0	558.0
25288.0	559.0
25288.0	560.0
25288.0	561.0
25288.0	562.0
25288.0	563.0
25288.0	564.0
25288.0	565.0
25288.0	566.0
25288.0	567.0
25288.0	568.0
25288.0	569.0
25288.0	570.0
25288.0	571.0
25288.0	572.0
25288.0	573.0
25288.0	574.0
25288.0	575.0
25288.0	576.0
25288.0	577.0
25288.0	578.0
25288.0	579.0
25288.0	580.0
25288.0	581.0
25288.0	582.0
25288.0	583.0
25288.0	584.0
25288.0	585.0
25288.0	586.0
25288.0	587.0
25288.0	588.0
25288.0	589.0
25288.0	590.0
25288.0	591.0
25288.0	592.0
25288.0	593.0
25288.0	594.0
25288.0	595.0
25288.0	596.0
25288.0	597.0
25288.0	598.0
25288.0	599.0
25288.0	600.0
25288.0	601.0
25288.0	602.0
25288.0	603.0
25288.0	604.0
25288.0	605.0
25288.0	606.0
25288.0	607.0
25288.0	608.0
25288.0	609.0
25288.0	610.0
25288.0	611.0
25288.0	612.0
25288.0	613.0
25288.0	614.0
25288.0	615.0
25288.0	616.0
25288.0	617.0
25288.0	618.0
25288.0	619.0
25288.0	620.0
25288.0	621.0
25288.0	622.0
25288.0	623.0
25288.0	624.0
25288.0	625.0
25288.0	626.0
25288.0	627.0
25288.0	628.0
25288.0	629.0
25288.0	630.0
25288.0	631.0
25288.0	632.0
25288.0	633.0
25288.0	634.0
25288.0	635.0
25288.0	636.0
25288.0	637.0
25288.0	638.0
25288.0	639.0
25288.0	640.0
25288.0	641.0
25288.0	642.0
25288.0	643.0
25288.0	644.0
25288.0	645.0
25288.0	646.0
25288.0	647.0
25288.0	648.0
25288.0	649.0
25288.0	650.0
25288.0	651.0
25288.0	652.0
25288.0	653.0
25288.0	654.0
25288.0	655.0
25288.0	656.0
25288.0	657.0
25288.0	658.0
25288.0	659.0
25288.0	660.0
25288.0	661.0
25288.0	662.0
25288.0	663.0
25288.0	664.0
25288.0	665.0
25288.0	666.0
25288.0	667.0
25288.0	668.0
25288.0	669.0
25288.0	670.0
25288.0	671.0
25288.0	672.0
25288.0	673.0
25288.0	674.0
25288.0	675.0
25288.0	676.0
25288.0	677.0
25288.0	678.0
25288.0	679.0
25288.0	680.0
25288.0	681.0
25288.0	682.0
25288.0	683.0
25288.0	684.0
25288.0	685.0
25288.0	686.0
25288.0	687.0
25288.0	688.0
25288.0	689.0
25288.0	690.0
25288.0	691.0
25288.0	692.0
25288.0	693.0
25288.0	694.0
25288.0	695.0
25288.0	696.0
25288.0	697.0
25288.0	698.0
25288.0	699.0
25288.0	700.0
25288.0	701.0
25288.0	702.0
25288.0	703.0
25288.0	704.0
25288.0	705.0
25288.0	706.0
25288.0	707.0
25288.0	708.0
25288.0	709.0
25288.0	710.0
25288.0	711.0
25288.0	712.0
25288.0	713.0
25288.0	714.0
25288.0	715.0
25288.0	716.0
25288.0	717.0
25288.0	718.0
25288.0	719.0
25288.0	720.0
25288.0	721.0
25288.0	722.0
25288.0	723.0
25288.0	724.0
25288.0	725.0
25288.0	726.0
25288.0	727.0
25288.0	728.0
25288.0	729.0
25288.0	730.0
25288.0	731.0
25288.0	732.0
25288.0	733.0
25288.0	734.0
25288.0	735.0
25288.0	736.0
25288.0	737.0
25288.0	738.0
25288.0	739.0
25288.0	740.0
25288.0	741.0
25288.0	742.0
25288.0	743.0
25288.0	744.0
25288.0	745.0
25288.0	746.0
25288.0	747.0
25288.0	748.0
25288.0	749.0
25288.0	750.0
25288.0	751.0
25288.0	752.0
25288.0	753.0
25288.0	754.0
25288.0	755.0
25288.0	756.0
25288.0	757.0
25288.0	758.0
25288.0	759.0
25288.0	760.0
25288.0	761.0
25288.0	762.0
25288.0	763.0
25288.0	764.0
25288.0	765.0
25288.0	766.0
25288.0	767.0
25288.0	768.0
25288.0	769.0
25288.0	770.0
25288.0	771.0
25288.0	772.0
25288.0	773.0
25288.0	774.0
25288.0	775.0
25288.0	776.0
25288.0	777.0
25288.0	778.0
25288.0	779.0
25288.0	780.0
25288.0	781.0
25288.0	782.0
25288.0	783.0
25288.0	784.0
25288.0	785.0
25288.0	786.0
25288.0	787.0
25288.0	788.0
25288.0	789.0
25288.0	790.0
25288.0	791.0
25288.0	792.0
25288.0	793.0
25288.0	794.0
25288.0	795.0
25288.0	796.0
25288.0	797.0
25288.0	798.0
25288.0	799.0
25288.0	800.0
25288.0	801.0
25288.0	802.0
25288.0	803.0
25288.0	804.0
25288.0	805.0
25288.0	806.0
25288.0	807.0
25288.0	808.0
25288.0	809.0
25288.0	810.0
25288.0	811.0
25288.0	812.0
25288.0	813.0
25288.0	814.0
25288.0	815.0
25288.0	816.0
25288.0	817.0
25288.0	818.0
25288.0	819.0
25288.0	820.0
25288.0	821.0
25288.0	822.0
25288.0	823.0
25288.0	824.0
25288.0	825.0
25288.0	826.0
25288.0	827.0
25288.0	828.0
25288.0	829.0
25288.0	830.0
25288.0	831.0
25288.0	832.0
25288.0	833.0
25288.0	834.0
25288.0	835.0
25288.0	836.0
25288.0	837.0
25288.0	838.0
25288.0	839.0
25288.0	840.0
25288.0	841.0
25288.0	842.0
25288.0	843.0
25288.0	844.0
25288.0	845.0
25288.0	846.0
25288.0	847.0
25288.0	848.0
25288.0	849.0
25288.0	850.0
25288.0	851.0
25288.0	852.0
25288.0	853.0
25288.0	854.0
25288.0	855.0
25288.0	856.0
25288.0	857.0
25288.0	858.0
25288.0	859.0
25288.0	860.0
25288.0	861.0
25288.0	862.0
25288.0	863.0
25288.0	864.0
25288.0	865.0
25288.0	866.0
25288.0	867.0
25288.0	868.0
25288.0	869.0
25288.0	870.0
25288.0	871.0
25288.0	872.0
25288.0	873.0
25288.0	874.0
25288.0	875.0
25288.0	876.0
25288.0	877.0
25288.0	878.0
25288.0	879.0
25288.0	880.0
25288.0	881.0
25288.0	882.0
25288.0	883.0
25288.0	884.0
25288.0	885.0
25288.0	886.0
25288.0	887.0
25288.0	888.0
25288.0	889.0
25288.0	890.0
25288.0	891.0
25288.0	892.0
25288.0	893.0
25288.0	894.0
25288.0	895.0
25288.0	896.0
25288.0	897.0
25288.0	898.0
25288.0	899.0
25288.0	900.0
25288.0	901.0
25288.0	902.0
25288.0	903.0
25288.0	904.0
25288.0	905.0
25288.0	906.0
25288.0	907.0
25288.0	908.0
25288.0	909.0
25288.0	910.0
25288.0	911.0
25288.0	912.0
25288.0	913.0
25288.0	914.0
25288.0	915.0
25288.0	916.0
25288.0	917.0
25288.0	918.0
25288.0	919.0
25288.0	920.0
25288.0	921.0
25288.0	922.0
25288.0	923.0
25288.0	924.0
25288.0	925.0
25288.0	926.0
25288.0	927.0
25288.0	928.0
25288.0	929.0
25288.0	930.0
25288.0	931.0
25288.0	932.0
25288.0	933.0
25288.0	934.0
25288.0	935.0
25288.0	936.0
25288.0	937.0
25288.0	938.0
25288.0	939.0
25288.0	940.0
25288.0	941.0
25288.0	942.0
25288.0	943.0
25288.0	944.0
25288.0	945.0
25288.0	946.0
25288.0	947.0
25288.0	948.0
25288.0	949.0
25288.0	950.0
25288.0	951.0
25288.0	952.0
25288.0	953.0
25288.0	954.0
25288.0	955.0
25288.0	956.0
25288.0	957.0
25288.0	958.0
25288.0	959.0
25288.0	960.0
25288.0	961.0
25288.0	962.0
25288.0	963.0
25288.0	964.0
25288.0	965.0
25288.0	966.0
25288.0	967.0
25288.0	968.0
25288.0	969.0
25288.0	970.0
25288.0	971.0
25288.0	972.0
25288.0	973.0
25288.0	974.0
25288.0	975.0
25288.0	976.0
25288.0	977.0
25288.0	978.0
25288.0	979.0
25288.0	980.0
25288.0	981.0
25288.0	982.0
25288.0	983.0
25288.0	984.0
25288.0	985.0
25288.0	986.0
25288.0	987.0
25288.0	988.0
25288.0	989.0
25288.0	990.0
25288.0	991.0
25288.0	992.0
25288.0	993.0
25288.0	994.0
25288.0	995.0
25288.0	996.0
25288.0	997.0
25288.0	998.0
25288.0	999.0
25288.0	1000.0
25288.0	1001.0
25288.0	1002.0
25288.0	1003.0
25288.0	1004.0
25288.0	1005.0
25288.0	1006.0
25288.0	1007.0
25288.0	1008.0
25288.0	1009.0
25288.0	1010.0
25288.0	1011.0
25288.0	1012.0
25288.0	1013.0
25288.0	1014.0
25288.0	1015.0
25288.0	1016.0
25288.0	1017.0
25288.0	1018.0
25288.0	1019.0
25288.0	1020.0
25288.0	1021.0
25288.0	1022.0
25288.0	1023.0
25288.0	1024.0
25288.0	1025.0
25288.0	1026.0
25288.0	1027.0
25288.0	1028.0
25288.0	1029.0
25288.0	1030.0
25288.0	1031.0
25288.0	1032.0
25288.0	1033.0
25288.0	1034.0
25288.0	1035.0
25288.0	1036.0
25288.0	1037.0
25288.0	1038.0
25288.0	1039.0
25288.0	1040.0
25288.0	1041.0
25288.0	1042.0
25288.0	1043.0
25288.0	1044.0
25288.0	1045.0
25288.0	1046.0
25288.0	1047.0
25288.0	1048.0
25288.0	1049.0
25288.0	1050.0
25288.0	1051.0
25288.0	1052.0
25288.0	1053.0
25288.0	1054.0
25288.0	1055.0
25288.0	1056.0
25288.0	1057.0
25288.0	1058.0
25288.0	1059.0
