error	steps
31032454117.5	0.0
30660797612.5	1.0
30362023161.0	2.0
30206882001.5	3.0
29715882922.5	4.0
29505817036.0	5.0
29277828866.5	6.0
28939135757.5	7.0
28844194353.5	8.0
28598060031.0	9.0
28409289459.0	10.0
28320772126.0	11.0
28111241706.5	12.0
27935500492.5	13.0
27703153250.5	14.0
27393748554.5	15.0
27081992026.0	16.0
26775739065.0	17.0
26496023782.5	18.0
26314793427.5	19.0
26082026038.5	20.0
25955102081.0	21.0
25860945771.5	22.0
25788839570.5	23.0
25439116418.0	24.0
25227235681.0	25.0
24865893851.0	26.0
24718139475.5	27.0
24523674329.5	28.0
24383594030.5	29.0
24233159157.5	30.0
24073803737.5	31.0
23870203968.0	32.0
23673567622.0	33.0
23397104087.0	34.0
23233293476.5	35.0
23075812128.5	36.0
22927822231.5	37.0
22818424182.5	38.0
22503409359.0	39.0
22283500784.0	40.0
22050116017.0	41.0
21872061979.5	42.0
21818303669.5	43.0
21540195512.0	44.0
21418629198.0	45.0
21291753300.0	46.0
21174972730.0	47.0
21042538127.5	48.0
21020701497.5	49.0
20911488369.0	50.0
20833920681.0	51.0
20691893490.0	52.0
20633147766.5	53.0
20562518212.5	54.0
20331956671.0	55.0
20273743064.0	56.0
20194915918.0	57.0
20044251126.0	58.0
19943678589.0	59.0
19739908829.0	60.0
19717480858.0	61.0
19591499412.0	62.0
19555918856.0	63.0
19505137139.0	64.0
19487338467.0	65.0
19376406639.0	66.0
19341625378.0	67.0
19266093266.5	68.0
19210727256.5	69.0
19210727256.5	70.0
19144154720.5	71.0
19118692676.5	72.0
18974338832.5	73.0
18929561627.5	74.0
18867330299.5	75.0
18733275281.5	76.0
18643198191.5	77.0
18559586037.5	78.0
18547778511.5	79.0
18514062739.5	80.0
18418317801.5	81.0
18404439940.5	82.0
18339734262.5	83.0
18307196533.0	84.0
18307196533.0	85.0
18230896626.5	86.0
18230896626.5	87.0
18182298827.5	88.0
18070157196.5	89.0
18017017812.0	90.0
17996096456.0	91.0
17914274946.0	92.0
17878181765.0	93.0
17878181765.0	94.0
17877579110.0	95.0
17863291136.0	96.0
17850769403.0	97.0
17792427623.0	98.0
17722961292.0	99.0
17722961292.0	100.0
17721586034.0	101.0
17656256102.0	102.0
17656256102.0	103.0
17630229456.0	104.0
17602749934.0	105.0
17520072768.0	106.0
17497896531.0	107.0
17481789111.0	108.0
17465955581.0	109.0
17433186299.0	110.0
17364932079.0	111.0
17364932079.0	112.0
17310880538.0	113.0
17238926038.0	114.0
17193481454.0	115.0
17178942855.0	116.0
17174293618.0	117.0
17173057674.0	118.0
17167640179.5	119.0
17167640179.5	120.0
17157101957.5	121.0
17157101957.5	122.0
17102262635.5	123.0
17082378798.5	124.0
17066420659.5	125.0
17059458097.0	126.0
17049759768.5	127.0
17047316014.5	128.0
17022445501.5	129.0
17012173487.5	130.0
16995804224.5	131.0
16983658977.5	132.0
16954260103.5	133.0
16918497077.5	134.0
16918497077.5	135.0
16910838598.5	136.0
16903288900.5	137.0
16903288900.5	138.0
16903288900.5	139.0
16903288900.5	140.0
16903288900.5	141.0
16903288900.5	142.0
16903288900.5	143.0
16891037641.5	144.0
16891037641.5	145.0
16879664674.5	146.0
16857831012.5	147.0
16850478153.5	148.0
16850478153.5	149.0
16850478153.5	150.0
16833217651.5	151.0
16803864234.5	152.0
16803864234.5	153.0
16803864234.5	154.0
16777847985.5	155.0
16776954081.5	156.0
16776954081.5	157.0
16776136993.5	158.0
16773027027.5	159.0
16745454161.5	160.0
16745454161.5	161.0
16745454161.5	162.0
16730795418.5	163.0
16713135046.5	164.0
16711732248.5	165.0
16711732248.5	166.0
16711732248.5	167.0
16704889865.5	168.0
16703339821.5	169.0
16693076606.0	170.0
16666948667.0	171.0
16658801742.0	172.0
16658801742.0	173.0
16658801742.0	174.0
16658801742.0	175.0
16658801742.0	176.0
16656452874.0	177.0
16649743074.0	178.0
16649743074.0	179.0
16649743074.0	180.0
16649743074.0	181.0
16649743074.0	182.0
16649743074.0	183.0
16628488102.0	184.0
16628488102.0	185.0
16623527461.0	186.0
16623527461.0	187.0
16621517674.0	188.0
16613891456.0	189.0
16613891456.0	190.0
16613891456.0	191.0
16596213078.0	192.0
16593946556.0	193.0
16587910288.5	194.0
16544229616.0	195.0
16544229616.0	196.0
16542645094.0	197.0
16542645094.0	198.0
16542645094.0	199.0
16542645094.0	200.0
16536888065.0	201.0
16536888065.0	202.0
16535238410.0	203.0
16518684281.5	204.0
16513734153.5	205.0
16513734153.5	206.0
16513734153.5	207.0
16513412311.5	208.0
16513412311.5	209.0
16513412311.5	210.0
16513412311.5	211.0
16511407246.5	212.0
16498068560.5	213.0
16498068560.5	214.0
16498068560.5	215.0
16495696482.5	216.0
16495696482.5	217.0
16495696482.5	218.0
16492728404.5	219.0
16492728404.5	220.0
16492728404.5	221.0
16492728404.5	222.0
16492728404.5	223.0
16485872075.5	224.0
16485872075.5	225.0
16485872075.5	226.0
16480355069.5	227.0
16480355069.5	228.0
16480355069.5	229.0
16480355069.5	230.0
16480355069.5	231.0
16476886710.5	232.0
16471422209.5	233.0
16471422209.5	234.0
16471422209.5	235.0
16464931721.5	236.0
16454417522.5	237.0
16454417522.5	238.0
16454417522.5	239.0
16454417522.5	240.0
16449713686.5	241.0
16449713686.5	242.0
16449713686.5	243.0
16434009476.5	244.0
16434009476.5	245.0
16426879506.5	246.0
16426879506.5	247.0
16426879506.5	248.0
16426879506.5	249.0
16426879506.5	250.0
16426879506.5	251.0
16426879506.5	252.0
16418108629.5	253.0
16418108629.5	254.0
16414483977.5	255.0
16414483977.5	256.0
16414483977.5	257.0
16407919761.5	258.0
16407919761.5	259.0
16407919761.5	260.0
16407919761.5	261.0
16407919761.5	262.0
16407919761.5	263.0
16407919761.5	264.0
16403004690.5	265.0
16403004690.5	266.0
16403004690.5	267.0
16403004690.5	268.0
16403004690.5	269.0
16403004690.5	270.0
16400380020.5	271.0
16400380020.5	272.0
16400380020.5	273.0
16400380020.5	274.0
16400380020.5	275.0
16400380020.5	276.0
16400380020.5	277.0
16382981543.5	278.0
16382981543.5	279.0
16382981543.5	280.0
16382981543.5	281.0
16382981543.5	282.0
16369792001.5	283.0
16369792001.5	284.0
16359097584.5	285.0
16359097584.5	286.0
16359097584.5	287.0
16359097584.5	288.0
16359097584.5	289.0
16357591134.5	290.0
16357591134.5	291.0
16357591134.5	292.0
16357591134.5	293.0
16357591134.5	294.0
16311115011.5	295.0
16304928643.5	296.0
16300734424.0	297.0
16299492607.0	298.0
16299492607.0	299.0
16299492607.0	300.0
16296572825.0	301.0
16295569133.0	302.0
16295569133.0	303.0
16294796376.0	304.0
16294796376.0	305.0
16285616146.0	306.0
16285616146.0	307.0
16279456372.0	308.0
16279456372.0	309.0
16279456372.0	310.0
16279456372.0	311.0
16269525172.0	312.0
16266588606.0	313.0
16266588606.0	314.0
16266588606.0	315.0
16266588606.0	316.0
16264322917.0	317.0
16261480562.0	318.0
16261480562.0	319.0
16261084275.0	320.0
16252806999.0	321.0
16252806999.0	322.0
16252806999.0	323.0
16252806999.0	324.0
16252806999.0	325.0
16252806999.0	326.0
16252806999.0	327.0
16252277558.0	328.0
16252277558.0	329.0
16252277558.0	330.0
16252277558.0	331.0
16251338501.0	332.0
16251338501.0	333.0
16251338501.0	334.0
16251338501.0	335.0
16217154290.0	336.0
16217154290.0	337.0
16217154290.0	338.0
16217154290.0	339.0
16212697402.0	340.0
16212697402.0	341.0
16212697402.0	342.0
16212697402.0	343.0
16212697402.0	344.0
16212697402.0	345.0
16212697402.0	346.0
16212697402.0	347.0
16212697402.0	348.0
16212697402.0	349.0
16206364504.0	350.0
16206364504.0	351.0
16206364504.0	352.0
16206364504.0	353.0
16197931186.0	354.0
16197931186.0	355.0
16197931186.0	356.0
16197931186.0	357.0
16197931186.0	358.0
16197931186.0	359.0
16197931186.0	360.0
16197931186.0	361.0
16197931186.0	362.0
16197931186.0	363.0
16197931186.0	364.0
16197931186.0	365.0
16197931186.0	366.0
16197931186.0	367.0
16190100062.0	368.0
16190100062.0	369.0
16190100062.0	370.0
16190100062.0	371.0
16187192663.0	372.0
16180835435.0	373.0
16180835435.0	374.0
16180835435.0	375.0
16169566821.0	376.0
16169566821.0	377.0
16165682581.0	378.0
16165682581.0	379.0
16165682581.0	380.0
16165682581.0	381.0
16165682581.0	382.0
16165682581.0	383.0
16162934998.5	384.0
16162934998.5	385.0
16162934998.5	386.0
16162934998.5	387.0
16162934998.5	388.0
16161845681.0	389.0
16159801578.0	390.0
16159801578.0	391.0
16159801578.0	392.0
16159801578.0	393.0
16159801578.0	394.0
16159801578.0	395.0
16156276443.0	396.0
16146936547.0	397.0
16123233878.0	398.0
16123233878.0	399.0
16109640225.5	400.0
16109640225.5	401.0
16109640225.5	402.0
16109640225.5	403.0
16109640225.5	404.0
16109640225.5	405.0
16109640225.5	406.0
16109640225.5	407.0
16109640225.5	408.0
16109640225.5	409.0
16109640225.5	410.0
16109640225.5	411.0
16106186565.5	412.0
16106186565.5	413.0
16106186565.5	414.0
16106186565.5	415.0
16106186565.5	416.0
16106186565.5	417.0
16106186565.5	418.0
16106186565.5	419.0
16106186565.5	420.0
16106186565.5	421.0
16106070802.5	422.0
16106070802.5	423.0
16106070802.5	424.0
16106070802.5	425.0
16102478620.5	426.0
16088484209.5	427.0
16088484209.5	428.0
16088484209.5	429.0
16088484209.5	430.0
16088484209.5	431.0
16088484209.5	432.0
16088484209.5	433.0
16088484209.5	434.0
16088484209.5	435.0
16083796354.5	436.0
16083796354.5	437.0
16083796354.5	438.0
16083796354.5	439.0
16083796354.5	440.0
16083796354.5	441.0
16083796354.5	442.0
16083796354.5	443.0
16083796354.5	444.0
16083796354.5	445.0
16081349922.0	446.0
16081349922.0	447.0
16081349922.0	448.0
16081349922.0	449.0
16081349922.0	450.0
16081349922.0	451.0
16081349922.0	452.0
16081349922.0	453.0
16081349922.0	454.0
16081349922.0	455.0
16081349922.0	456.0
16081349922.0	457.0
16081349922.0	458.0
16081349922.0	459.0
16078098744.0	460.0
16078098744.0	461.0
16078098744.0	462.0
16078098744.0	463.0
16078098744.0	464.0
16078098744.0	465.0
16078098744.0	466.0
16078098744.0	467.0
16078098744.0	468.0
16078098744.0	469.0
16078098744.0	470.0
16078098744.0	471.0
16078098744.0	472.0
16078098744.0	473.0
16078098744.0	474.0
16078098744.0	475.0
16078098744.0	476.0
16078098744.0	477.0
16067442881.0	478.0
16067442881.0	479.0
16067442881.0	480.0
16058361282.0	481.0
16058361282.0	482.0
16058361282.0	483.0
16057692780.0	484.0
16055394211.5	485.0
16055394211.5	486.0
16055394211.5	487.0
16051950013.5	488.0
16051950013.5	489.0
16051950013.5	490.0
16051950013.5	491.0
16051950013.5	492.0
16051950013.5	493.0
16051950013.5	494.0
16051950013.5	495.0
16051950013.5	496.0
16051950013.5	497.0
16051950013.5	498.0
16051950013.5	499.0
16051950013.5	500.0
16051950013.5	501.0
16051950013.5	502.0
16051950013.5	503.0
16051950013.5	504.0
16051950013.5	505.0
16051950013.5	506.0
16051950013.5	507.0
16051950013.5	508.0
16051950013.5	509.0
16051950013.5	510.0
16051950013.5	511.0
16051950013.5	512.0
16051950013.5	513.0
16051950013.5	514.0
16051950013.5	515.0
16051950013.5	516.0
16051950013.5	517.0
16051950013.5	518.0
16051950013.5	519.0
16051950013.5	520.0
16051950013.5	521.0
16051950013.5	522.0
16051950013.5	523.0
16051950013.5	524.0
16051950013.5	525.0
16051950013.5	526.0
16051950013.5	527.0
16051950013.5	528.0
16051950013.5	529.0
16051093292.5	530.0
16046812742.5	531.0
16046812742.5	532.0
16046812742.5	533.0
16046812742.5	534.0
16046812742.5	535.0
16046812742.5	536.0
16046812742.5	537.0
16046812742.5	538.0
16046812742.5	539.0
16046812742.5	540.0
16046812742.5	541.0
16046812742.5	542.0
16046812742.5	543.0
16046812742.5	544.0
16041122217.5	545.0
16041122217.5	546.0
16041122217.5	547.0
16041122217.5	548.0
16041122217.5	549.0
16041122217.5	550.0
16041122217.5	551.0
16041122217.5	552.0
16041122217.5	553.0
16041122217.5	554.0
16041122217.5	555.0
16041122217.5	556.0
16041122217.5	557.0
16041122217.5	558.0
16041122217.5	559.0
16041122217.5	560.0
16041122217.5	561.0
16040249947.5	562.0
16040249947.5	563.0
16040249947.5	564.0
16040249947.5	565.0
16040249947.5	566.0
16040249947.5	567.0
16040249947.5	568.0
16040249947.5	569.0
16040249947.5	570.0
16040249947.5	571.0
16040249947.5	572.0
16038476151.0	573.0
16038476151.0	574.0
16038476151.0	575.0
16038476151.0	576.0
16038476151.0	577.0
16038476151.0	578.0
16038476151.0	579.0
16038476151.0	580.0
16038476151.0	581.0
16038476151.0	582.0
16038476151.0	583.0
16038476151.0	584.0
16038476151.0	585.0
16038476151.0	586.0
16038476151.0	587.0
16038476151.0	588.0
16038476151.0	589.0
16038476151.0	590.0
16038476151.0	591.0
16038476151.0	592.0
16038476151.0	593.0
16038476151.0	594.0
16038476151.0	595.0
16034318698.0	596.0
16034318698.0	597.0
16034318698.0	598.0
16034318698.0	599.0
16034318698.0	600.0
16034318698.0	601.0
16034318698.0	602.0
16034318698.0	603.0
16034318698.0	604.0
16034318698.0	605.0
16034318698.0	606.0
16034318698.0	607.0
16034318698.0	608.0
16034318698.0	609.0
16034318698.0	610.0
16034318698.0	611.0
16034318698.0	612.0
16034318698.0	613.0
16034318698.0	614.0
16034318698.0	615.0
16034318698.0	616.0
16034318698.0	617.0
16034318698.0	618.0
16032873518.0	619.0
16032873518.0	620.0
16032873518.0	621.0
16032873518.0	622.0
16032873518.0	623.0
16032873518.0	624.0
16032873518.0	625.0
16032873518.0	626.0
16032873518.0	627.0
16032873518.0	628.0
16032873518.0	629.0
16032873518.0	630.0
16032873518.0	631.0
16032873518.0	632.0
16028598770.0	633.0
16028598770.0	634.0
16028598770.0	635.0
16028598770.0	636.0
16028598770.0	637.0
16028598770.0	638.0
16028598770.0	639.0
16028598770.0	640.0
16028598770.0	641.0
16028598770.0	642.0
16028598770.0	643.0
16028598770.0	644.0
16028598770.0	645.0
16028598770.0	646.0
16028598770.0	647.0
16028598770.0	648.0
16028598770.0	649.0
16028598770.0	650.0
16028598770.0	651.0
16028598770.0	652.0
16028598770.0	653.0
16028598770.0	654.0
16028598770.0	655.0
16028598770.0	656.0
16017741843.0	657.0
16017741843.0	658.0
16017741843.0	659.0
16017741843.0	660.0
16017741843.0	661.0
16017741843.0	662.0
16017741843.0	663.0
16017741843.0	664.0
16017741843.0	665.0
16017741843.0	666.0
16017741843.0	667.0
16017741843.0	668.0
16017741843.0	669.0
16017741843.0	670.0
16017741843.0	671.0
16017741843.0	672.0
16017741843.0	673.0
16017741843.0	674.0
16017741843.0	675.0
16017741843.0	676.0
16017741843.0	677.0
16017741843.0	678.0
16017741843.0	679.0
16017741843.0	680.0
16017741843.0	681.0
16017741843.0	682.0
16017741843.0	683.0
16017741843.0	684.0
16017741843.0	685.0
16017741843.0	686.0
16017741843.0	687.0
16017741843.0	688.0
16017741843.0	689.0
16017741843.0	690.0
16017741843.0	691.0
16017741843.0	692.0
16017741843.0	693.0
16017741843.0	694.0
16017741843.0	695.0
16017741843.0	696.0
16017741843.0	697.0
16017741843.0	698.0
16017741843.0	699.0
16017741843.0	700.0
16017741843.0	701.0
16017741843.0	702.0
16017741843.0	703.0
16017741843.0	704.0
16017741843.0	705.0
16017741843.0	706.0
16017741843.0	707.0
16017741843.0	708.0
16017741843.0	709.0
16017741843.0	710.0
16017741843.0	711.0
16017741843.0	712.0
16017741843.0	713.0
16017741843.0	714.0
16017741843.0	715.0
16017741843.0	716.0
16017741843.0	717.0
16017741843.0	718.0
16017741843.0	719.0
16017741843.0	720.0
16017741843.0	721.0
16017741843.0	722.0
16017741843.0	723.0
16017741843.0	724.0
16017741843.0	725.0
16017741843.0	726.0
16017741843.0	727.0
16017741843.0	728.0
15992817720.0	729.0
15991770854.0	730.0
15979232719.0	731.0
15979232719.0	732.0
15979232719.0	733.0
15979232719.0	734.0
15979232719.0	735.0
15979232719.0	736.0
15979232719.0	737.0
15979232719.0	738.0
15979232719.0	739.0
15979232719.0	740.0
15979232719.0	741.0
15979232719.0	742.0
15979232719.0	743.0
15979232719.0	744.0
15979232719.0	745.0
15979232719.0	746.0
15979232719.0	747.0
15979232719.0	748.0
15979232719.0	749.0
15979232719.0	750.0
15979232719.0	751.0
15979232719.0	752.0
15979232719.0	753.0
15979232719.0	754.0
15979232719.0	755.0
15979232719.0	756.0
15979232719.0	757.0
15979232719.0	758.0
15979232719.0	759.0
15979232719.0	760.0
15979232719.0	761.0
15979232719.0	762.0
15979232719.0	763.0
15979232719.0	764.0
15979232719.0	765.0
15979232719.0	766.0
15979232719.0	767.0
15979232719.0	768.0
15979232719.0	769.0
15979232719.0	770.0
15979232719.0	771.0
15979232719.0	772.0
15979232719.0	773.0
15979232719.0	774.0
15979232719.0	775.0
15979232719.0	776.0
15979232719.0	777.0
15979232719.0	778.0
15979232719.0	779.0
15979232719.0	780.0
15979232719.0	781.0
15979232719.0	782.0
15979232719.0	783.0
15979232719.0	784.0
15979232719.0	785.0
15979232719.0	786.0
15979232719.0	787.0
15979232719.0	788.0
15979232719.0	789.0
15979232719.0	790.0
15979232719.0	791.0
15979232719.0	792.0
15979232719.0	793.0
15979232719.0	794.0
15979232719.0	795.0
15979232719.0	796.0
15979232719.0	797.0
15979232719.0	798.0
15979232719.0	799.0
15979232719.0	800.0
15979232719.0	801.0
15979232719.0	802.0
15979232719.0	803.0
15979232719.0	804.0
15979232719.0	805.0
15979232719.0	806.0
15979232719.0	807.0
15979232719.0	808.0
15979232719.0	809.0
15979232719.0	810.0
15979232719.0	811.0
15979232719.0	812.0
15979232719.0	813.0
15979232719.0	814.0
15979232719.0	815.0
15979232719.0	816.0
15979232719.0	817.0
15979232719.0	818.0
15979232719.0	819.0
15979232719.0	820.0
15979232719.0	821.0
15979232719.0	822.0
15979232719.0	823.0
15979232719.0	824.0
15979232719.0	825.0
15979232719.0	826.0
15979232719.0	827.0
15979232719.0	828.0
15979232719.0	829.0
15979232719.0	830.0
15979232719.0	831.0
15979232719.0	832.0
15979232719.0	833.0
15979232719.0	834.0
15979232719.0	835.0
15975414097.0	836.0
15975414097.0	837.0
15975414097.0	838.0
15975414097.0	839.0
15975414097.0	840.0
15975414097.0	841.0
15975414097.0	842.0
15975414097.0	843.0
15975414097.0	844.0
15975414097.0	845.0
15975414097.0	846.0
15975414097.0	847.0
15975414097.0	848.0
15975414097.0	849.0
15975414097.0	850.0
15975414097.0	851.0
15975414097.0	852.0
15975414097.0	853.0
15975414097.0	854.0
15975414097.0	855.0
15975414097.0	856.0
15975414097.0	857.0
15975414097.0	858.0
15975414097.0	859.0
15975414097.0	860.0
15975414097.0	861.0
15975414097.0	862.0
15975414097.0	863.0
15975414097.0	864.0
15975414097.0	865.0
15975414097.0	866.0
15975414097.0	867.0
15975414097.0	868.0
15975414097.0	869.0
15975414097.0	870.0
15975414097.0	871.0
15975414097.0	872.0
15975414097.0	873.0
15975414097.0	874.0
15975414097.0	875.0
15975414097.0	876.0
15975414097.0	877.0
15975414097.0	878.0
15975414097.0	879.0
15975414097.0	880.0
15975414097.0	881.0
15975414097.0	882.0
15975414097.0	883.0
15975414097.0	884.0
15975414097.0	885.0
15975414097.0	886.0
15975414097.0	887.0
15975414097.0	888.0
15975414097.0	889.0
15975414097.0	890.0
15975414097.0	891.0
15975414097.0	892.0
15975414097.0	893.0
15975414097.0	894.0
15975414097.0	895.0
15975414097.0	896.0
15975414097.0	897.0
15975414097.0	898.0
15975414097.0	899.0
15975414097.0	900.0
15975414097.0	901.0
15975414097.0	902.0
15975414097.0	903.0
15975414097.0	904.0
15975414097.0	905.0
15975414097.0	906.0
15975414097.0	907.0
15975414097.0	908.0
15975414097.0	909.0
15975414097.0	910.0
15975414097.0	911.0
15975414097.0	912.0
15975414097.0	913.0
15975414097.0	914.0
15975414097.0	915.0
15975414097.0	916.0
15975414097.0	917.0
15975414097.0	918.0
15975414097.0	919.0
15975414097.0	920.0
15975414097.0	921.0
15975414097.0	922.0
15975414097.0	923.0
15975414097.0	924.0
15975414097.0	925.0
15975414097.0	926.0
15975414097.0	927.0
15975414097.0	928.0
15975414097.0	929.0
15975414097.0	930.0
15975414097.0	931.0
15975414097.0	932.0
15975414097.0	933.0
15975414097.0	934.0
15975414097.0	935.0
15975414097.0	936.0
15975414097.0	937.0
15975414097.0	938.0
15975414097.0	939.0
15975414097.0	940.0
15975414097.0	941.0
15975414097.0	942.0
15975414097.0	943.0
15975414097.0	944.0
15975414097.0	945.0
15975414097.0	946.0
15975414097.0	947.0
15975414097.0	948.0
15975414097.0	949.0
15975414097.0	950.0
15975414097.0	951.0
15975414097.0	952.0
15975414097.0	953.0
15975414097.0	954.0
15975414097.0	955.0
15975414097.0	956.0
15975414097.0	957.0
15975414097.0	958.0
15975414097.0	959.0
15975414097.0	960.0
15975414097.0	961.0
15975414097.0	962.0
15975414097.0	963.0
15975414097.0	964.0
15975414097.0	965.0
15975414097.0	966.0
15975414097.0	967.0
15975414097.0	968.0
15975414097.0	969.0
15975414097.0	970.0
15975414097.0	971.0
15975414097.0	972.0
15975414097.0	973.0
15975414097.0	974.0
15975414097.0	975.0
15975414097.0	976.0
15975414097.0	977.0
15975414097.0	978.0
15975414097.0	979.0
15975414097.0	980.0
15975414097.0	981.0
15975414097.0	982.0
15975414097.0	983.0
15975414097.0	984.0
15975414097.0	985.0
15975414097.0	986.0
15975414097.0	987.0
15975414097.0	988.0
15975414097.0	989.0
15975414097.0	990.0
15975414097.0	991.0
15975414097.0	992.0
15975414097.0	993.0
15975414097.0	994.0
15975414097.0	995.0
15975414097.0	996.0
15975414097.0	997.0
15975414097.0	998.0
15975414097.0	999.0
15975414097.0	1000.0
15975414097.0	1001.0
15975414097.0	1002.0
15975414097.0	1003.0
15975414097.0	1004.0
15975414097.0	1005.0
15975414097.0	1006.0
15975414097.0	1007.0
15975414097.0	1008.0
15975414097.0	1009.0
15975414097.0	1010.0
15975414097.0	1011.0
15975414097.0	1012.0
15975414097.0	1013.0
15975414097.0	1014.0
15975414097.0	1015.0
15975414097.0	1016.0
15975414097.0	1017.0
15975414097.0	1018.0
15975414097.0	1019.0
15975414097.0	1020.0
15975414097.0	1021.0
15975414097.0	1022.0
15975414097.0	1023.0
15975414097.0	1024.0
15975414097.0	1025.0
15975414097.0	1026.0
15975414097.0	1027.0
15975414097.0	1028.0
15975414097.0	1029.0
15975414097.0	1030.0
15975414097.0	1031.0
15975414097.0	1032.0
15975414097.0	1033.0
15975414097.0	1034.0
15975414097.0	1035.0
15975414097.0	1036.0
15975414097.0	1037.0
15975414097.0	1038.0
15975414097.0	1039.0
15975414097.0	1040.0
15975414097.0	1041.0
15975414097.0	1042.0
15975414097.0	1043.0
15975414097.0	1044.0
15975414097.0	1045.0
15975414097.0	1046.0
15975414097.0	1047.0
15975414097.0	1048.0
15975414097.0	1049.0
15975414097.0	1050.0
15975414097.0	1051.0
15975414097.0	1052.0
15975414097.0	1053.0
15975414097.0	1054.0
15975414097.0	1055.0
15975414097.0	1056.0
15975414097.0	1057.0
15975414097.0	1058.0
15975414097.0	1059.0
15975414097.0	1060.0
15975414097.0	1061.0
15975414097.0	1062.0
15975414097.0	1063.0
15975414097.0	1064.0
15975414097.0	1065.0
15975414097.0	1066.0
15975414097.0	1067.0
15975414097.0	1068.0
15975414097.0	1069.0
15975414097.0	1070.0
15975414097.0	1071.0
15975414097.0	1072.0
15975414097.0	1073.0
15975414097.0	1074.0
15975414097.0	1075.0
15975414097.0	1076.0
15975414097.0	1077.0
15975414097.0	1078.0
15975414097.0	1079.0
15975414097.0	1080.0
15975414097.0	1081.0
15975414097.0	1082.0
15975414097.0	1083.0
15975414097.0	1084.0
15975414097.0	1085.0
15975414097.0	1086.0
15975414097.0	1087.0
15975414097.0	1088.0
15975414097.0	1089.0
15975414097.0	1090.0
15975414097.0	1091.0
15975414097.0	1092.0
15975414097.0	1093.0
15975414097.0	1094.0
15975414097.0	1095.0
15975414097.0	1096.0
15975414097.0	1097.0
15975414097.0	1098.0
15975414097.0	1099.0
15975414097.0	1100.0
15975414097.0	1101.0
15975414097.0	1102.0
15975414097.0	1103.0
15975414097.0	1104.0
15975414097.0	1105.0
15975414097.0	1106.0
15975414097.0	1107.0
15975414097.0	1108.0
15975414097.0	1109.0
15975414097.0	1110.0
15975414097.0	1111.0
15975414097.0	1112.0
15975414097.0	1113.0
15975414097.0	1114.0
15975414097.0	1115.0
15975414097.0	1116.0
15975414097.0	1117.0
15975414097.0	1118.0
15975414097.0	1119.0
15975414097.0	1120.0
15975414097.0	1121.0
15975414097.0	1122.0
15975414097.0	1123.0
15975414097.0	1124.0
15975414097.0	1125.0
15975414097.0	1126.0
15975414097.0	1127.0
15975414097.0	1128.0
15975414097.0	1129.0
15975414097.0	1130.0
15975414097.0	1131.0
15975414097.0	1132.0
15975414097.0	1133.0
15975414097.0	1134.0
15975414097.0	1135.0
15975414097.0	1136.0
15975414097.0	1137.0
15975414097.0	1138.0
15975414097.0	1139.0
15975414097.0	1140.0
15975414097.0	1141.0
15975414097.0	1142.0
15975414097.0	1143.0
15975414097.0	1144.0
15975414097.0	1145.0
15975414097.0	1146.0
15975414097.0	1147.0
15975414097.0	1148.0
15975414097.0	1149.0
15975414097.0	1150.0
15975414097.0	1151.0
15975414097.0	1152.0
15975414097.0	1153.0
15975414097.0	1154.0
15975414097.0	1155.0
15975414097.0	1156.0
15975414097.0	1157.0
15975414097.0	1158.0
15975414097.0	1159.0
15975414097.0	1160.0
15975414097.0	1161.0
15975414097.0	1162.0
15975414097.0	1163.0
15975414097.0	1164.0
15975414097.0	1165.0
15975414097.0	1166.0
15975414097.0	1167.0
15975414097.0	1168.0
15975414097.0	1169.0
15975414097.0	1170.0
15975414097.0	1171.0
15975414097.0	1172.0
15975414097.0	1173.0
15975414097.0	1174.0
15975414097.0	1175.0
15975414097.0	1176.0
15975414097.0	1177.0
15975414097.0	1178.0
15975414097.0	1179.0
15975414097.0	1180.0
15975414097.0	1181.0
15975414097.0	1182.0
15975414097.0	1183.0
15975414097.0	1184.0
15975414097.0	1185.0
15975414097.0	1186.0
15975414097.0	1187.0
15975414097.0	1188.0
15975414097.0	1189.0
15975414097.0	1190.0
15975414097.0	1191.0
15975414097.0	1192.0
15975414097.0	1193.0
15975414097.0	1194.0
15975414097.0	1195.0
15975414097.0	1196.0
15975414097.0	1197.0
15975414097.0	1198.0
15975414097.0	1199.0
15975414097.0	1200.0
15975414097.0	1201.0
15975414097.0	1202.0
15975414097.0	1203.0
15975414097.0	1204.0
15975414097.0	1205.0
15975414097.0	1206.0
15975414097.0	1207.0
15975414097.0	1208.0
15975414097.0	1209.0
15975414097.0	1210.0
15975414097.0	1211.0
15975414097.0	1212.0
15975414097.0	1213.0
15975414097.0	1214.0
15975414097.0	1215.0
15975414097.0	1216.0
15975414097.0	1217.0
15975414097.0	1218.0
15975414097.0	1219.0
15975414097.0	1220.0
15975414097.0	1221.0
15975414097.0	1222.0
15975414097.0	1223.0
15975414097.0	1224.0
15975414097.0	1225.0
15975414097.0	1226.0
15975414097.0	1227.0
15975414097.0	1228.0
15975414097.0	1229.0
15975414097.0	1230.0
15975414097.0	1231.0
15975414097.0	1232.0
15975414097.0	1233.0
15975414097.0	1234.0
15975414097.0	1235.0
15975414097.0	1236.0
15975414097.0	1237.0
15975414097.0	1238.0
15975414097.0	1239.0
15975414097.0	1240.0
15975414097.0	1241.0
15975414097.0	1242.0
15975414097.0	1243.0
15975414097.0	1244.0
15975414097.0	1245.0
15975414097.0	1246.0
15975414097.0	1247.0
15975414097.0	1248.0
15975414097.0	1249.0
15975414097.0	1250.0
15975414097.0	1251.0
15975414097.0	1252.0
15975414097.0	1253.0
15975414097.0	1254.0
15975414097.0	1255.0
15975414097.0	1256.0
15975414097.0	1257.0
15975414097.0	1258.0
15975414097.0	1259.0
15975414097.0	1260.0
15975414097.0	1261.0
15975414097.0	1262.0
15975414097.0	1263.0
15975414097.0	1264.0
15975414097.0	1265.0
15975414097.0	1266.0
15975414097.0	1267.0
15975414097.0	1268.0
15975414097.0	1269.0
15975414097.0	1270.0
15975414097.0	1271.0
15975414097.0	1272.0
15975414097.0	1273.0
15975414097.0	1274.0
15975414097.0	1275.0
15975414097.0	1276.0
15975414097.0	1277.0
15975414097.0	1278.0
15975414097.0	1279.0
15975414097.0	1280.0
15975414097.0	1281.0
15975414097.0	1282.0
15975414097.0	1283.0
15975414097.0	1284.0
15975414097.0	1285.0
15975414097.0	1286.0
15975414097.0	1287.0
15975414097.0	1288.0
15975414097.0	1289.0
15975414097.0	1290.0
15975414097.0	1291.0
15975414097.0	1292.0
15975414097.0	1293.0
15975414097.0	1294.0
15975414097.0	1295.0
15975414097.0	1296.0
15975414097.0	1297.0
15975414097.0	1298.0
15975414097.0	1299.0
15975414097.0	1300.0
15975414097.0	1301.0
15975414097.0	1302.0
15975414097.0	1303.0
15975414097.0	1304.0
15975414097.0	1305.0
15975414097.0	1306.0
15975414097.0	1307.0
15975414097.0	1308.0
15975414097.0	1309.0
15975414097.0	1310.0
15975414097.0	1311.0
15975414097.0	1312.0
15975414097.0	1313.0
15975414097.0	1314.0
15975414097.0	1315.0
15975414097.0	1316.0
15975414097.0	1317.0
15975414097.0	1318.0
15975414097.0	1319.0
15975414097.0	1320.0
15975414097.0	1321.0
15975414097.0	1322.0
15975414097.0	1323.0
15975414097.0	1324.0
15975414097.0	1325.0
15975414097.0	1326.0
15975414097.0	1327.0
15975414097.0	1328.0
15975414097.0	1329.0
15975414097.0	1330.0
15975414097.0	1331.0
15975414097.0	1332.0
15975414097.0	1333.0
15975414097.0	1334.0
15975414097.0	1335.0
15975414097.0	1336.0
15975414097.0	1337.0
15975414097.0	1338.0
15975414097.0	1339.0
15975414097.0	1340.0
15975414097.0	1341.0
15975414097.0	1342.0
15975414097.0	1343.0
15975414097.0	1344.0
15975414097.0	1345.0
15975414097.0	1346.0
15975414097.0	1347.0
15975414097.0	1348.0
15975414097.0	1349.0
15975414097.0	1350.0
15975414097.0	1351.0
15975414097.0	1352.0
15975414097.0	1353.0
15975414097.0	1354.0
15975414097.0	1355.0
15975414097.0	1356.0
15975414097.0	1357.0
15975414097.0	1358.0
15975414097.0	1359.0
15975414097.0	1360.0
15975414097.0	1361.0
15975414097.0	1362.0
15975414097.0	1363.0
15975414097.0	1364.0
15975414097.0	1365.0
15975414097.0	1366.0
15975414097.0	1367.0
15975414097.0	1368.0
15975414097.0	1369.0
15975414097.0	1370.0
15975414097.0	1371.0
15975414097.0	1372.0
15975414097.0	1373.0
15975414097.0	1374.0
15975414097.0	1375.0
15975414097.0	1376.0
15975414097.0	1377.0
15975414097.0	1378.0
15975414097.0	1379.0
15975414097.0	1380.0
15975414097.0	1381.0
15975414097.0	1382.0
15975414097.0	1383.0
15975414097.0	1384.0
15975414097.0	1385.0
15975414097.0	1386.0
15975414097.0	1387.0
15975414097.0	1388.0
15975414097.0	1389.0
15975414097.0	1390.0
15975414097.0	1391.0
15975414097.0	1392.0
15975414097.0	1393.0
15975414097.0	1394.0
15975414097.0	1395.0
15975414097.0	1396.0
15975414097.0	1397.0
15975414097.0	1398.0
