error	steps
10777205.0	0.0
10687897.0	1.0
10622233.0	2.0
10538327.0	3.0
10511863.0	4.0
10478671.0	5.0
10440791.0	6.0
10418420.0	7.0
10346266.0	8.0
10302877.0	9.0
10252157.0	10.0
10189496.0	11.0
10118473.0	12.0
10098271.0	13.0
10056072.0	14.0
10018039.0	15.0
9975798.0	16.0
9945095.0	17.0
9865349.0	18.0
9836430.0	19.0
9745554.0	20.0
9687774.0	21.0
9669005.0	22.0
9634661.0	23.0
9584732.0	24.0
9497563.0	25.0
9459190.0	26.0
9457129.0	27.0
9425121.0	28.0
9344269.0	29.0
9317600.0	30.0
9274768.0	31.0
9231956.0	32.0
9205979.0	33.0
9158639.0	34.0
9090343.0	35.0
9054891.0	36.0
9036272.0	37.0
8999260.0	38.0
8970920.0	39.0
8935082.0	40.0
8867623.0	41.0
8854947.0	42.0
8818224.0	43.0
8809052.0	44.0
8796069.0	45.0
8756393.0	46.0
8722554.0	47.0
8682469.0	48.0
8636638.0	49.0
8591491.0	50.0
8561911.0	51.0
8497865.0	52.0
8448581.0	53.0
8438283.0	54.0
8407355.0	55.0
8395785.0	56.0
8365841.0	57.0
8354091.0	58.0
8333194.0	59.0
8307329.0	60.0
8284065.0	61.0
8241113.0	62.0
8231004.0	63.0
8222986.0	64.0
8214203.0	65.0
8185008.0	66.0
8173208.0	67.0
8122250.0	68.0
8090468.0	69.0
8081905.0	70.0
8050607.0	71.0
8020878.0	72.0
8004960.0	73.0
8002046.0	74.0
7968889.0	75.0
7958043.0	76.0
7955510.0	77.0
7948635.0	78.0
7940064.0	79.0
7936067.0	80.0
7915729.0	81.0
7915561.0	82.0
7915053.0	83.0
7888594.0	84.0
7862964.0	85.0
7846286.0	86.0
7838887.0	87.0
7825006.0	88.0
7802021.0	89.0
7789053.0	90.0
7781219.0	91.0
7764780.0	92.0
7758183.0	93.0
7754461.0	94.0
7741481.0	95.0
7709921.0	96.0
7701705.0	97.0
7690751.0	98.0
7678798.0	99.0
7664926.0	100.0
7664926.0	101.0
7655668.0	102.0
7655668.0	103.0
7642999.0	104.0
7636692.0	105.0
7629498.0	106.0
7623291.0	107.0
7606876.0	108.0
7606592.0	109.0
7592802.0	110.0
7582338.0	111.0
7561144.0	112.0
7534731.0	113.0
7512240.0	114.0
7476666.0	115.0
7476666.0	116.0
7476666.0	117.0
7474281.0	118.0
7460622.0	119.0
7460622.0	120.0
7449174.0	121.0
7445747.0	122.0
7437608.0	123.0
7423643.0	124.0
7423643.0	125.0
7418372.0	126.0
7409409.0	127.0
7403805.0	128.0
7403735.0	129.0
7403735.0	130.0
7403735.0	131.0
7395321.0	132.0
7391712.0	133.0
7388798.0	134.0
7386237.0	135.0
7381185.0	136.0
7381185.0	137.0
7373838.0	138.0
7373838.0	139.0
7362027.0	140.0
7359225.0	141.0
7352174.0	142.0
7346918.0	143.0
7330158.0	144.0
7324987.0	145.0
7314119.0	146.0
7302815.0	147.0
7302815.0	148.0
7302353.0	149.0
7302353.0	150.0
7302353.0	151.0
7302353.0	152.0
7293582.0	153.0
7293582.0	154.0
7293582.0	155.0
7289578.0	156.0
7277749.0	157.0
7276923.0	158.0
7276923.0	159.0
7276923.0	160.0
7276360.0	161.0
7272290.0	162.0
7272290.0	163.0
7272178.0	164.0
7272178.0	165.0
7272178.0	166.0
7270001.0	167.0
7270001.0	168.0
7270001.0	169.0
7268613.0	170.0
7260081.0	171.0
7260081.0	172.0
7258521.0	173.0
7258521.0	174.0
7258521.0	175.0
7252199.0	176.0
7248937.0	177.0
7248937.0	178.0
7248937.0	179.0
7247729.0	180.0
7247729.0	181.0
7247729.0	182.0
7247729.0	183.0
7247729.0	184.0
7245775.0	185.0
7245775.0	186.0
7245775.0	187.0
7242151.0	188.0
7242151.0	189.0
7241746.0	190.0
7241746.0	191.0
7240216.0	192.0
7233936.0	193.0
7231120.0	194.0
7231120.0	195.0
7231120.0	196.0
7231120.0	197.0
7231120.0	198.0
7231120.0	199.0
7224425.0	200.0
7224425.0	201.0
7224425.0	202.0
7217044.0	203.0
7217044.0	204.0
7217044.0	205.0
7217044.0	206.0
7212405.0	207.0
7206149.0	208.0
7205765.0	209.0
7205496.0	210.0
7205496.0	211.0
7198800.0	212.0
7194242.0	213.0
7190185.0	214.0
7187406.0	215.0
7184405.0	216.0
7184405.0	217.0
7184405.0	218.0
7184405.0	219.0
7184405.0	220.0
7184405.0	221.0
7176602.0	222.0
7176602.0	223.0
7175014.0	224.0
7175014.0	225.0
7173963.0	226.0
7173963.0	227.0
7172837.0	228.0
7171551.0	229.0
7171551.0	230.0
7171551.0	231.0
7171551.0	232.0
7168538.0	233.0
7168472.0	234.0
7168472.0	235.0
7167334.0	236.0
7167334.0	237.0
7167334.0	238.0
7167334.0	239.0
7166327.0	240.0
7165289.0	241.0
7165289.0	242.0
7165289.0	243.0
7161823.0	244.0
7161823.0	245.0
7161805.0	246.0
7161805.0	247.0
7161805.0	248.0
7161805.0	249.0
7161224.0	250.0
7161224.0	251.0
7161224.0	252.0
7160393.0	253.0
7160393.0	254.0
7160393.0	255.0
7160393.0	256.0
7160393.0	257.0
7153329.0	258.0
7152958.0	259.0
7152958.0	260.0
7152958.0	261.0
7152958.0	262.0
7152958.0	263.0
7152958.0	264.0
7152958.0	265.0
7142131.0	266.0
7142131.0	267.0
7142131.0	268.0
7142131.0	269.0
7142131.0	270.0
7142131.0	271.0
7142131.0	272.0
7142131.0	273.0
7142131.0	274.0
7138731.0	275.0
7138731.0	276.0
7138731.0	277.0
7138731.0	278.0
7138731.0	279.0
7138731.0	280.0
7138731.0	281.0
7138731.0	282.0
7138731.0	283.0
7138731.0	284.0
7138731.0	285.0
7138254.0	286.0
7138254.0	287.0
7138254.0	288.0
7138254.0	289.0
7138254.0	290.0
7135993.0	291.0
7135993.0	292.0
7135993.0	293.0
7135993.0	294.0
7135993.0	295.0
7135993.0	296.0
7135993.0	297.0
7135993.0	298.0
7135993.0	299.0
7135993.0	300.0
7133624.0	301.0
7133624.0	302.0
7131827.0	303.0
7131827.0	304.0
7131827.0	305.0
7131827.0	306.0
7131827.0	307.0
7131827.0	308.0
7131827.0	309.0
7131827.0	310.0
7131827.0	311.0
7131827.0	312.0
7131827.0	313.0
7131827.0	314.0
7131827.0	315.0
7131827.0	316.0
7131827.0	317.0
7131827.0	318.0
7131827.0	319.0
7130051.0	320.0
7130051.0	321.0
7130051.0	322.0
7130051.0	323.0
7127137.0	324.0
7127137.0	325.0
7127137.0	326.0
7127137.0	327.0
7127137.0	328.0
7127137.0	329.0
7127137.0	330.0
7127137.0	331.0
7123629.0	332.0
7121697.0	333.0
7121697.0	334.0
7121697.0	335.0
7121697.0	336.0
7119075.0	337.0
7116057.0	338.0
7116057.0	339.0
7116057.0	340.0
7116057.0	341.0
7116057.0	342.0
7115252.0	343.0
7115252.0	344.0
7115252.0	345.0
7115252.0	346.0
7115252.0	347.0
7115252.0	348.0
7115252.0	349.0
7115252.0	350.0
7115252.0	351.0
7115252.0	352.0
7115252.0	353.0
7115252.0	354.0
7115252.0	355.0
7115252.0	356.0
7115252.0	357.0
7115252.0	358.0
7115252.0	359.0
7115252.0	360.0
7115252.0	361.0
7115252.0	362.0
7115252.0	363.0
7115252.0	364.0
7115252.0	365.0
7115252.0	366.0
7115252.0	367.0
7115252.0	368.0
7115252.0	369.0
7115164.0	370.0
7115164.0	371.0
7115164.0	372.0
7112885.0	373.0
7112885.0	374.0
7112885.0	375.0
7112885.0	376.0
7112885.0	377.0
7112885.0	378.0
7112885.0	379.0
7112885.0	380.0
7111034.0	381.0
7111034.0	382.0
7111034.0	383.0
7111034.0	384.0
7111034.0	385.0
7111034.0	386.0
7111034.0	387.0
7111034.0	388.0
7111034.0	389.0
7111034.0	390.0
7110823.0	391.0
7110823.0	392.0
7110823.0	393.0
7110823.0	394.0
7110823.0	395.0
7110823.0	396.0
7110823.0	397.0
7110823.0	398.0
7110823.0	399.0
7110823.0	400.0
7107233.0	401.0
7101778.0	402.0
7101778.0	403.0
7101778.0	404.0
7101778.0	405.0
7101778.0	406.0
7101778.0	407.0
7101778.0	408.0
7101778.0	409.0
7101778.0	410.0
7101778.0	411.0
7101778.0	412.0
7101778.0	413.0
7101778.0	414.0
7101778.0	415.0
7101778.0	416.0
7101778.0	417.0
7101778.0	418.0
7101778.0	419.0
7101778.0	420.0
7101778.0	421.0
7101778.0	422.0
7101778.0	423.0
7101778.0	424.0
7101778.0	425.0
7101778.0	426.0
7101778.0	427.0
7101657.0	428.0
7101657.0	429.0
7101657.0	430.0
7101657.0	431.0
7101657.0	432.0
7101657.0	433.0
7101657.0	434.0
7101657.0	435.0
7101657.0	436.0
7101657.0	437.0
7101657.0	438.0
7101657.0	439.0
7101657.0	440.0
7101657.0	441.0
7101657.0	442.0
7101657.0	443.0
7101657.0	444.0
7101657.0	445.0
7101657.0	446.0
7101657.0	447.0
7101657.0	448.0
7101657.0	449.0
7101657.0	450.0
7101657.0	451.0
7101073.0	452.0
7101073.0	453.0
7101073.0	454.0
7101073.0	455.0
7101073.0	456.0
7101073.0	457.0
7101073.0	458.0
7101073.0	459.0
7101073.0	460.0
7101073.0	461.0
7101073.0	462.0
7101073.0	463.0
7101073.0	464.0
7101073.0	465.0
7101073.0	466.0
7101073.0	467.0
7101073.0	468.0
7101073.0	469.0
7101073.0	470.0
7101073.0	471.0
7101073.0	472.0
7101073.0	473.0
7101073.0	474.0
7101073.0	475.0
7101073.0	476.0
7101073.0	477.0
7101073.0	478.0
7101073.0	479.0
7101073.0	480.0
7101073.0	481.0
7101073.0	482.0
7101073.0	483.0
7101073.0	484.0
7101073.0	485.0
7101073.0	486.0
7101073.0	487.0
7101073.0	488.0
7101073.0	489.0
7101073.0	490.0
7101073.0	491.0
7101073.0	492.0
7101073.0	493.0
7101073.0	494.0
7100621.0	495.0
7100621.0	496.0
7100621.0	497.0
7100621.0	498.0
7100621.0	499.0
7100480.0	500.0
7100480.0	501.0
7100480.0	502.0
7100480.0	503.0
7100480.0	504.0
7100480.0	505.0
7100480.0	506.0
7100480.0	507.0
7100480.0	508.0
7100480.0	509.0
7100480.0	510.0
7100480.0	511.0
7100480.0	512.0
7100480.0	513.0
7100480.0	514.0
7100480.0	515.0
7100480.0	516.0
7100480.0	517.0
7100480.0	518.0
7100480.0	519.0
7100480.0	520.0
7100480.0	521.0
7100480.0	522.0
7100480.0	523.0
7100480.0	524.0
7100480.0	525.0
7100480.0	526.0
7100480.0	527.0
7100480.0	528.0
7100480.0	529.0
7100480.0	530.0
7100480.0	531.0
7100480.0	532.0
7100480.0	533.0
7100480.0	534.0
7100480.0	535.0
7100480.0	536.0
7100480.0	537.0
7100480.0	538.0
7100480.0	539.0
7099952.0	540.0
7099952.0	541.0
7099952.0	542.0
7099952.0	543.0
7099952.0	544.0
7099952.0	545.0
7099952.0	546.0
7099952.0	547.0
7099952.0	548.0
7099952.0	549.0
7099952.0	550.0
7099952.0	551.0
7099952.0	552.0
7099952.0	553.0
7099952.0	554.0
7099952.0	555.0
7099952.0	556.0
7099952.0	557.0
7099952.0	558.0
7099952.0	559.0
7099952.0	560.0
7099952.0	561.0
7099952.0	562.0
7099952.0	563.0
7099952.0	564.0
7099952.0	565.0
7099952.0	566.0
7099952.0	567.0
7099952.0	568.0
7099952.0	569.0
7099952.0	570.0
7099952.0	571.0
7099952.0	572.0
7099952.0	573.0
7099952.0	574.0
7099952.0	575.0
7099952.0	576.0
7099952.0	577.0
7099952.0	578.0
7099952.0	579.0
7099952.0	580.0
7099952.0	581.0
7099952.0	582.0
7099952.0	583.0
7099952.0	584.0
7099952.0	585.0
7099952.0	586.0
7099952.0	587.0
7099952.0	588.0
7099952.0	589.0
7099952.0	590.0
7099952.0	591.0
7099952.0	592.0
7099952.0	593.0
7099952.0	594.0
7099952.0	595.0
7099952.0	596.0
7099952.0	597.0
7099952.0	598.0
7099952.0	599.0
7099815.0	600.0
7099815.0	601.0
7099815.0	602.0
7099815.0	603.0
7099815.0	604.0
7099815.0	605.0
7099815.0	606.0
7099815.0	607.0
7099815.0	608.0
7099815.0	609.0
7099815.0	610.0
7099815.0	611.0
7099815.0	612.0
7099815.0	613.0
7099815.0	614.0
7099815.0	615.0
7099815.0	616.0
7099815.0	617.0
7099815.0	618.0
7099815.0	619.0
7099815.0	620.0
7099815.0	621.0
7099815.0	622.0
7099815.0	623.0
7099815.0	624.0
7099815.0	625.0
7099815.0	626.0
7099815.0	627.0
7099815.0	628.0
7099815.0	629.0
7099815.0	630.0
7099815.0	631.0
7099815.0	632.0
7099815.0	633.0
7099815.0	634.0
7099815.0	635.0
7099815.0	636.0
7099815.0	637.0
7099815.0	638.0
7099815.0	639.0
7099815.0	640.0
7099815.0	641.0
7099815.0	642.0
7099815.0	643.0
7099815.0	644.0
7099815.0	645.0
7099815.0	646.0
7099815.0	647.0
7099815.0	648.0
7099815.0	649.0
7099815.0	650.0
7099815.0	651.0
7099815.0	652.0
7099815.0	653.0
7099815.0	654.0
7099815.0	655.0
7099815.0	656.0
7099815.0	657.0
7099815.0	658.0
7099815.0	659.0
7099815.0	660.0
7099815.0	661.0
7099815.0	662.0
7099815.0	663.0
7099815.0	664.0
7099815.0	665.0
7099815.0	666.0
7099815.0	667.0
7099815.0	668.0
7099815.0	669.0
7099815.0	670.0
7099815.0	671.0
7099815.0	672.0
7099815.0	673.0
7099815.0	674.0
7099815.0	675.0
7099815.0	676.0
7099815.0	677.0
7099815.0	678.0
7099815.0	679.0
7099815.0	680.0
7099815.0	681.0
7099815.0	682.0
7099815.0	683.0
7099815.0	684.0
7099815.0	685.0
7099815.0	686.0
7099815.0	687.0
7099815.0	688.0
7099815.0	689.0
7099815.0	690.0
7099815.0	691.0
7099815.0	692.0
7099815.0	693.0
7099815.0	694.0
7099815.0	695.0
7099815.0	696.0
7099815.0	697.0
7099815.0	698.0
7099815.0	699.0
7099815.0	700.0
7099815.0	701.0
7099815.0	702.0
7099815.0	703.0
7099815.0	704.0
7099815.0	705.0
7099815.0	706.0
7099815.0	707.0
7099815.0	708.0
7099815.0	709.0
7099815.0	710.0
7099815.0	711.0
7099815.0	712.0
7099815.0	713.0
7099815.0	714.0
7099815.0	715.0
7099815.0	716.0
7099815.0	717.0
7099815.0	718.0
7099815.0	719.0
7099815.0	720.0
7099815.0	721.0
7099815.0	722.0
7099815.0	723.0
7099815.0	724.0
7099815.0	725.0
7099815.0	726.0
7099815.0	727.0
7099815.0	728.0
7099815.0	729.0
7099815.0	730.0
7099815.0	731.0
7099815.0	732.0
7099815.0	733.0
7099815.0	734.0
7099815.0	735.0
7099815.0	736.0
7099815.0	737.0
7099815.0	738.0
7099815.0	739.0
7099815.0	740.0
7099815.0	741.0
7099815.0	742.0
7099815.0	743.0
7099815.0	744.0
7099815.0	745.0
7099815.0	746.0
7099815.0	747.0
7099815.0	748.0
7099815.0	749.0
7099815.0	750.0
7099815.0	751.0
7099815.0	752.0
7099815.0	753.0
7099815.0	754.0
7099815.0	755.0
7099815.0	756.0
7099815.0	757.0
7099815.0	758.0
7099815.0	759.0
7099815.0	760.0
7099815.0	761.0
7099815.0	762.0
7099815.0	763.0
7099815.0	764.0
7099815.0	765.0
7099815.0	766.0
7099815.0	767.0
7099815.0	768.0
7099815.0	769.0
7099815.0	770.0
7099815.0	771.0
7099815.0	772.0
7099815.0	773.0
7099815.0	774.0
7099815.0	775.0
7099815.0	776.0
7099815.0	777.0
7099815.0	778.0
7099815.0	779.0
7099815.0	780.0
7099815.0	781.0
7099815.0	782.0
7099815.0	783.0
7099815.0	784.0
7099815.0	785.0
7099815.0	786.0
7099815.0	787.0
7099815.0	788.0
7099815.0	789.0
7099815.0	790.0
7099815.0	791.0
7099815.0	792.0
7099815.0	793.0
7099815.0	794.0
7099815.0	795.0
7099815.0	796.0
7099815.0	797.0
7099815.0	798.0
7099815.0	799.0
7099815.0	800.0
7099815.0	801.0
7099815.0	802.0
7099815.0	803.0
7099815.0	804.0
7099815.0	805.0
7099815.0	806.0
7099815.0	807.0
7099815.0	808.0
7099815.0	809.0
7099815.0	810.0
7099815.0	811.0
7099815.0	812.0
7099815.0	813.0
7099815.0	814.0
7099815.0	815.0
7099815.0	816.0
7099815.0	817.0
7099815.0	818.0
7099815.0	819.0
7099815.0	820.0
7099815.0	821.0
7099815.0	822.0
7099815.0	823.0
7099815.0	824.0
7099815.0	825.0
7099815.0	826.0
7099815.0	827.0
7099815.0	828.0
7099815.0	829.0
7099815.0	830.0
7099815.0	831.0
7099815.0	832.0
7099815.0	833.0
7099815.0	834.0
7099815.0	835.0
7099815.0	836.0
7099815.0	837.0
7099815.0	838.0
7099815.0	839.0
7099815.0	840.0
7099815.0	841.0
7099815.0	842.0
7099815.0	843.0
7099815.0	844.0
7099815.0	845.0
7099815.0	846.0
7099815.0	847.0
7099815.0	848.0
7099815.0	849.0
7099815.0	850.0
7099815.0	851.0
7099815.0	852.0
7099815.0	853.0
7099815.0	854.0
7099815.0	855.0
7099815.0	856.0
7099815.0	857.0
7099815.0	858.0
7099815.0	859.0
7099815.0	860.0
7099815.0	861.0
7099815.0	862.0
7099815.0	863.0
7099815.0	864.0
7099815.0	865.0
7099815.0	866.0
7099815.0	867.0
7099815.0	868.0
7099815.0	869.0
7099815.0	870.0
7099815.0	871.0
7099815.0	872.0
7099815.0	873.0
7099815.0	874.0
7099815.0	875.0
7099815.0	876.0
7099815.0	877.0
7099815.0	878.0
7099815.0	879.0
7099815.0	880.0
7099815.0	881.0
7099815.0	882.0
7099815.0	883.0
7099815.0	884.0
7099815.0	885.0
7099815.0	886.0
7099815.0	887.0
7099815.0	888.0
7099815.0	889.0
7099815.0	890.0
7099815.0	891.0
7099815.0	892.0
7099815.0	893.0
7099815.0	894.0
7099815.0	895.0
7099815.0	896.0
7099815.0	897.0
7099815.0	898.0
7099815.0	899.0
7099815.0	900.0
7099815.0	901.0
7099815.0	902.0
7099815.0	903.0
7099815.0	904.0
7099815.0	905.0
7099815.0	906.0
7099815.0	907.0
7099815.0	908.0
7099815.0	909.0
7099815.0	910.0
7099815.0	911.0
7099815.0	912.0
7099815.0	913.0
7099815.0	914.0
7099815.0	915.0
7099815.0	916.0
7099815.0	917.0
7099815.0	918.0
7099815.0	919.0
7099815.0	920.0
7099815.0	921.0
7099815.0	922.0
7099815.0	923.0
7099815.0	924.0
7099815.0	925.0
7099815.0	926.0
7099815.0	927.0
7099815.0	928.0
7099815.0	929.0
7099815.0	930.0
7099815.0	931.0
7099815.0	932.0
7099815.0	933.0
7099815.0	934.0
7099815.0	935.0
7099815.0	936.0
7099815.0	937.0
7099815.0	938.0
7099815.0	939.0
7099815.0	940.0
7099815.0	941.0
7099815.0	942.0
7099815.0	943.0
7099815.0	944.0
7099815.0	945.0
7099815.0	946.0
7099815.0	947.0
7099815.0	948.0
7099815.0	949.0
7099815.0	950.0
7099815.0	951.0
7099815.0	952.0
7099815.0	953.0
7099815.0	954.0
7099815.0	955.0
7099815.0	956.0
7099815.0	957.0
7099815.0	958.0
7099815.0	959.0
7099815.0	960.0
7099815.0	961.0
7099815.0	962.0
7099815.0	963.0
7099815.0	964.0
7099815.0	965.0
7099815.0	966.0
7099815.0	967.0
7099815.0	968.0
7099815.0	969.0
7099815.0	970.0
7099815.0	971.0
7099815.0	972.0
7099815.0	973.0
7099815.0	974.0
7099815.0	975.0
7099815.0	976.0
7099815.0	977.0
7099815.0	978.0
7099815.0	979.0
7099815.0	980.0
7099815.0	981.0
7099815.0	982.0
7099815.0	983.0
7099815.0	984.0
7099815.0	985.0
7099815.0	986.0
7099815.0	987.0
7099815.0	988.0
7099815.0	989.0
7099815.0	990.0
7099815.0	991.0
7099815.0	992.0
7099815.0	993.0
7099815.0	994.0
7099815.0	995.0
7099815.0	996.0
7099815.0	997.0
7099815.0	998.0
7099815.0	999.0
7099815.0	1000.0
7099815.0	1001.0
7099815.0	1002.0
7099815.0	1003.0
7099815.0	1004.0
7099815.0	1005.0
7099815.0	1006.0
7099815.0	1007.0
7099815.0	1008.0
7099815.0	1009.0
7099815.0	1010.0
7099815.0	1011.0
7099815.0	1012.0
7099815.0	1013.0
7099815.0	1014.0
7099815.0	1015.0
7099815.0	1016.0
7099815.0	1017.0
7099815.0	1018.0
7099815.0	1019.0
7099815.0	1020.0
7099815.0	1021.0
7099815.0	1022.0
7099815.0	1023.0
7099815.0	1024.0
7099815.0	1025.0
7099815.0	1026.0
7099815.0	1027.0
7099815.0	1028.0
7099815.0	1029.0
7099815.0	1030.0
7099815.0	1031.0
7099815.0	1032.0
7099815.0	1033.0
7099815.0	1034.0
7099815.0	1035.0
7099815.0	1036.0
7099815.0	1037.0
7099815.0	1038.0
7099815.0	1039.0
7099815.0	1040.0
7099815.0	1041.0
7099815.0	1042.0
7099815.0	1043.0
7099815.0	1044.0
7099815.0	1045.0
7099815.0	1046.0
7099815.0	1047.0
7099815.0	1048.0
7099815.0	1049.0
7099815.0	1050.0
7099815.0	1051.0
7099815.0	1052.0
7099815.0	1053.0
7099815.0	1054.0
7099815.0	1055.0
7099815.0	1056.0
7099815.0	1057.0
7099815.0	1058.0
7099815.0	1059.0
7099815.0	1060.0
7099815.0	1061.0
7099815.0	1062.0
7099815.0	1063.0
7099815.0	1064.0
7099815.0	1065.0
7099815.0	1066.0
7099815.0	1067.0
7099815.0	1068.0
7099815.0	1069.0
7099815.0	1070.0
7099815.0	1071.0
7099815.0	1072.0
7099815.0	1073.0
7099815.0	1074.0
7099815.0	1075.0
7099815.0	1076.0
7099815.0	1077.0
7099815.0	1078.0
7099815.0	1079.0
7099815.0	1080.0
7099815.0	1081.0
7099815.0	1082.0
7099815.0	1083.0
7099815.0	1084.0
7099815.0	1085.0
7099815.0	1086.0
7099815.0	1087.0
7099815.0	1088.0
7099815.0	1089.0
7099815.0	1090.0
7099815.0	1091.0
7099815.0	1092.0
7099815.0	1093.0
7099815.0	1094.0
7099815.0	1095.0
7099815.0	1096.0
7099815.0	1097.0
7099815.0	1098.0
7099815.0	1099.0
7099815.0	1100.0
7099815.0	1101.0
7099815.0	1102.0
7099815.0	1103.0
7099815.0	1104.0
7099815.0	1105.0
7099815.0	1106.0
7099815.0	1107.0
7099815.0	1108.0
7099815.0	1109.0
7099815.0	1110.0
7099815.0	1111.0
7099815.0	1112.0
7099815.0	1113.0
7099815.0	1114.0
7099815.0	1115.0
7099815.0	1116.0
7099815.0	1117.0
7099815.0	1118.0
7099815.0	1119.0
7099815.0	1120.0
7099815.0	1121.0
7099815.0	1122.0
7099815.0	1123.0
7099815.0	1124.0
7099815.0	1125.0
7099815.0	1126.0
7099815.0	1127.0
7099815.0	1128.0
7099815.0	1129.0
7099815.0	1130.0
7099815.0	1131.0
7099815.0	1132.0
7099815.0	1133.0
7099815.0	1134.0
7099815.0	1135.0
7099815.0	1136.0
7099815.0	1137.0
7099815.0	1138.0
7099815.0	1139.0
7099815.0	1140.0
7099815.0	1141.0
7099815.0	1142.0
7099815.0	1143.0
7099815.0	1144.0
7099815.0	1145.0
7099815.0	1146.0
7099815.0	1147.0
7099815.0	1148.0
7099815.0	1149.0
7099815.0	1150.0
7099815.0	1151.0
7099815.0	1152.0
7099815.0	1153.0
7099815.0	1154.0
7099815.0	1155.0
7099815.0	1156.0
7099815.0	1157.0
7099815.0	1158.0
7099815.0	1159.0
7099815.0	1160.0
7099815.0	1161.0
7099815.0	1162.0
7099815.0	1163.0
7099815.0	1164.0
7099815.0	1165.0
7099815.0	1166.0
7099815.0	1167.0
7099815.0	1168.0
7099815.0	1169.0
7099815.0	1170.0
7099815.0	1171.0
7099815.0	1172.0
7099815.0	1173.0
7099815.0	1174.0
7099815.0	1175.0
7099815.0	1176.0
7099815.0	1177.0
7099815.0	1178.0
7099815.0	1179.0
7099815.0	1180.0
7099815.0	1181.0
7099815.0	1182.0
7099815.0	1183.0
7099815.0	1184.0
7099815.0	1185.0
7099815.0	1186.0
7099815.0	1187.0
7099815.0	1188.0
7099815.0	1189.0
7099815.0	1190.0
7099815.0	1191.0
7099815.0	1192.0
7099815.0	1193.0
7099815.0	1194.0
7099815.0	1195.0
7099815.0	1196.0
7099815.0	1197.0
7099815.0	1198.0
7099815.0	1199.0
7099815.0	1200.0
7099815.0	1201.0
7099815.0	1202.0
7099815.0	1203.0
7099815.0	1204.0
7099815.0	1205.0
7099815.0	1206.0
7099815.0	1207.0
7099815.0	1208.0
7099815.0	1209.0
7099815.0	1210.0
7099815.0	1211.0
7099815.0	1212.0
7099815.0	1213.0
7099815.0	1214.0
7099815.0	1215.0
7099815.0	1216.0
7099815.0	1217.0
7099815.0	1218.0
7099815.0	1219.0
7099815.0	1220.0
7099815.0	1221.0
7099815.0	1222.0
7099815.0	1223.0
7099815.0	1224.0
7099815.0	1225.0
7099815.0	1226.0
7099815.0	1227.0
7099815.0	1228.0
7099815.0	1229.0
7099815.0	1230.0
7099815.0	1231.0
7099815.0	1232.0
7099815.0	1233.0
